Time,r-biceps,l-biceps,r-lats,l-lats,r-quat,l-quat,r-hamstring,l-hamstring,L1,L2,L3,L4,L5,L6,L7,L8,L9,L10,L11,L12,L13,L14,L15,L16,L17,L18,R1,R2,R3,R4,R5,R6,R7,R8,R9,R10,R11,R12,R13,R14,R15,R16,R17,R18
0,0.5995825337883252,0.1124351027641196,0.5953094764507435,0.6521004451775718,3.288747310386609,2.667879068870839,1.966153947121024,2.171719665180011,185.14028783821075,0.0,4582.689599973794,1436.2405284635945,0.0,0.0,0.0,0.0,5902.044766875377,2409.6315516518484,0.0,40.640605665554745,0.0,0.0,1108.9797981119968,1938.3662475692663,0.0,0.0,928.9817919186823,219.553300574972,6891.62434691836,942.9771470123836,0.0,0.0,0.0,0.0,6583.703322967417,883.3538885316283,0.0,0.0,0.0,0.0,0.0,538.8803732618921,0.0,0.0
1,0.5645324236877097,0.0904189882724254,0.5784348284850501,0.5035848532491699,3.239392291920269,2.531157251592472,2.0025484418959,2.058028664803988,233.85774412172407,0.0,3876.290716671601,1192.0866374600866,0.0,0.0,0.0,0.0,4873.956200471461,1870.289842456,0.0,91.7010255788118,0.0,0.0,781.8528579355914,1485.8328627538926,0.0,0.0,975.3646525096342,173.32488137204135,7877.203084046824,1220.1923946617655,0.0,0.0,0.0,0.0,7602.313201275864,1230.0452414526724,0.0,0.0,0.0,0.0,0.0,645.3475020983775,0.0,0.0
2,0.5098396854341949,0.0749772694538719,0.5534955494597491,0.3573395349713787,3.076834916139027,2.334486479761566,1.9483273367135163,1.8833916300651667,484.91852818551007,0.0,4713.752365280657,1390.6342829667935,0.0,0.0,0.0,0.0,5619.758386738164,1838.4034877462325,0.0,176.3227458466636,0.0,0.0,545.1918907028646,1407.69655660409,0.0,0.0,686.6155150883317,45.829184398411776,6597.313386629175,798.8200875520635,0.0,0.0,0.0,0.0,6430.3283072219765,869.0141547952005,0.0,0.0,0.0,0.0,0.0,397.37963687230456,0.0,0.0
3,0.4552480433421935,0.1485252213823257,0.4958899463720925,0.2455131885871107,2.852502897293823,2.0514722975473774,1.7716645451864454,1.7013428424645858,651.7203708406314,23.089748795300963,5841.259097844041,2199.488714150299,0.0,0.0,0.0,0.0,7024.094941959664,2946.4103486224794,0.0,256.8317290065723,36.50379333352342,0.0,1191.2217467882783,2324.6967483713943,8.136387670725101,0.0,334.4436465342,0.0,3614.760163856039,0.0,0.0,0.0,0.0,0.0,3445.1444157037745,0.0,0.0,0.0,0.0,0.0,0.0,0.0,0.0,0.0
4,0.4317215845820609,0.3064695597421927,0.429078202971429,0.1860043339561476,2.516761813863123,1.7296685948066457,1.5218393807308963,1.5051055723588047,667.3120258031378,92.2768584934268,5471.743868436746,2263.724292155636,0.0,0.0,0.0,0.0,6556.475563968854,3021.034973080183,0.0,278.4889041947424,145.89712107201788,0.0,1294.7386304033605,2368.7406667868563,32.52132805064765,0.0,139.27634781285056,0.0,3802.702952202736,0.0,0.0,0.0,0.0,0.0,3227.307004089322,0.0,0.0,0.0,0.0,0.0,0.0,0.0,0.0,0.0
5,0.4430358875159739,0.5403249618936877,0.3715910471316136,0.1760751698770779,2.1676988121911576,1.4028198483588052,1.2364143908080751,1.3220074013920269,334.07383569550746,46.32325635216534,2738.351645854837,1133.2547052223124,0.0,69.962274746668,82.09665302251285,0.0,3281.1055363919154,1512.370008454776,0.0,139.4584915022617,73.27026827308075,0.0,648.2637445479432,1185.8054807415713,16.342904321121686,0.0,1.1287995957496564,0.0,3966.660209825605,0.0,0.0,0.0,0.0,0.0,3097.064261301105,0.0,0.0,0.0,0.0,0.0,0.0,0.0,0.0,0.0
6,0.4705418234870444,0.9107326352284388,0.36035662537196,0.261214582119071,1.8550848331829897,1.1865727177905674,0.9657257814299016,1.2570916953097693,4163.83524183426,2912.336734430284,4727.420645044841,1382.9110065644306,0.0,1181.005629773354,905.0257101938088,0.0,5086.207551606687,1089.0638650030614,0.0,78.44458808864296,76.6368741030343,0.0,138.45550509510483,913.7926842505664,30.056495632463424,0.0,0.0,0.0,3381.5962149110123,0.0,0.0,0.0,0.0,0.0,2784.2504844535865,0.0,0.0,0.0,0.0,0.0,0.0,0.0,0.0,0.0
7,0.5052687609002001,1.3981794014870437,0.3705181801690363,0.3693561615986723,1.7228614455675746,1.1038659962112982,0.7388182008693697,1.244259344523589,6836.858581465848,4754.753963713175,6067.801935178977,1517.9325748342524,0.0,2017.724604015852,1503.5587542128414,0.0,6340.816138479643,1010.097759927217,0.0,358.7142260605384,47.4406327868642,0.0,676.5156314681537,927.7949647538974,200.0331686582627,0.0,0.0,0.0,3024.037741937571,0.0,0.0,0.0,0.0,0.0,2511.873768434097,0.0,0.0,0.0,0.0,0.0,0.0,0.0,0.0,0.0
8,0.5863005422869687,1.9809295118422865,0.4562740634476275,0.5216463636685278,1.692734819042437,1.1191288831555208,0.5874021480052658,1.3009899347099614,7773.116071943464,5394.760023068485,5900.974310036385,1256.9330589881033,0.0,2497.7121577003422,1881.2572207207825,0.0,6030.304385073696,753.796524502311,0.0,698.5012789368914,48.80381496769517,0.0,1358.6915694202405,894.0494448637613,403.9197500024195,0.0,0.0,0.0,2921.2271941375543,0.0,0.0,0.0,0.0,0.0,2420.4139788754965,0.0,0.0,0.0,0.0,0.0,0.0,0.0,0.0,0.0
9,0.7071891010365453,2.5047373503576305,0.6775511408184479,0.6877882241883937,1.7598994739073683,1.2782884710158318,0.5396555164221224,1.4009446839398103,6072.060747483413,4157.610130707929,5585.591539895454,1222.873135562643,0.0,1991.868459580989,1600.957646116791,0.0,6087.427324112599,1223.821673797018,0.0,1061.3646914563733,363.776980300017,0.0,2087.151717339963,2185.446209120515,621.5917144848966,0.0,0.0,0.0,2722.596883382736,0.0,0.0,0.0,0.0,0.0,2253.5385363059013,0.0,0.0,0.0,0.0,0.0,0.0,0.0,0.0,0.0
10,0.8484928358573867,2.8842371542335274,0.942145698381654,0.8597647515348856,2.003695315368609,1.5265088057949945,0.5782665838910946,1.5192981452559788,4987.6090699508,3375.3297840701894,5437.986751711356,1245.0866419557735,0.0,1637.7375135322095,1387.176339773871,0.0,6167.682018331634,1523.0909453005954,0.0,1207.975601579064,537.1455156129359,0.0,2381.472021177653,2902.41427939196,709.533678078433,0.0,0.0,0.0,2635.1858002693507,0.0,0.0,0.0,0.0,0.0,2175.441147041161,0.0,0.0,0.0,0.0,0.0,0.0,0.0,0.0,0.0
11,0.9743761577392046,3.2228436072195024,1.255529604274086,1.0297854296205522,2.2941541421141416,1.7705878301682505,0.6574003909171805,1.6005941427814463,1477.3273281511877,795.2616040148085,4826.228436340984,1399.6258913610686,0.0,616.2848891533295,848.6184634324791,0.0,6499.244928420245,2727.012910713001,0.0784030250528122,2017.4586247720997,1314.2643032996805,0.0,3753.6312569813567,5823.363542539874,1303.759121269662,0.0,0.0,0.0,2433.2302042328265,0.0,0.0,0.0,0.0,0.0,1958.3756716911423,0.0,0.0,0.0,0.0,0.0,0.0,0.0,0.0,0.0
12,1.0649742671738045,3.463272913668719,1.5251533096869485,1.1193385886329388,2.5490957369245355,1.9187308744334148,0.7210621300168961,1.5882369536144332,384.53055178401365,0.0,4461.767670895468,1545.8329770023065,0.0,425.792657413534,823.3436994427467,0.0,6678.64347264028,3383.3679516256725,0.6320483743273375,2658.5035741468137,1781.8808120522756,0.0,4706.963589215982,7488.73089294388,1869.0157002382764,0.0,0.0,0.0,2347.176235843969,0.0,0.0,0.0,0.0,0.0,1868.0814102294412,0.0,0.0,0.0,0.0,0.0,0.0,0.0,0.0,0.0
13,1.1513889392586143,3.5537828664927407,1.8074809415009625,1.184777014103166,2.6821613093233085,2.0298002812267897,0.7798945494911704,1.569924730239558,350.26754988353326,0.0,4381.085625798944,1523.1952175350427,0.0,292.266876607071,584.1665326357418,0.0,6601.580596871413,3351.6483127167267,2.9130907920452667,2580.698040706081,1598.500954186116,0.0,4813.835453638821,7672.378361618053,1910.3775272378011,0.0,0.0,0.0,2270.7044324238136,0.0,0.0,0.0,0.0,0.0,1800.202825696096,0.0,0.0,0.0,0.0,0.0,0.0,0.0,0.0,0.0
14,1.3062432173505898,3.478359342282217,2.1594029661863967,1.239904290403918,2.7993787670452903,2.162887265549923,0.86270781145515,1.5602123767239078,279.4457942962022,0.0,4336.3282901828425,1406.500561815954,0.0,275.0654633799491,403.35225834076846,0.0,6360.020747611012,3058.317354561383,0.0,2450.5190621631496,1447.9705640313443,0.0,4580.2398319280655,7416.030409251753,1879.246423370704,0.0,0.0,0.0,2066.214605621137,0.0,0.0,0.0,0.0,0.0,1626.7585498826195,0.0,0.0,0.0,0.0,0.0,0.0,0.0,0.0,0.0
15,1.4480649585130454,3.3148440576656544,2.377954700888669,1.2556983805612516,2.87634502404298,2.3455473228735424,0.9650164158538208,1.5904703905854267,357.2081699638296,0.0,4577.566646933124,1505.4136030721734,0.0,468.0910570213536,571.8499703996849,0.0,6482.81431688636,3073.4072971457545,0.0,2277.2575449505885,1516.9119572392813,0.0,3971.147292744829,6552.05952738926,1665.0197499947033,0.0,0.0,0.0,2015.4117667752776,0.0,0.0,0.0,0.0,0.0,1552.163577191459,0.0,0.0,0.0,0.0,0.0,0.0,0.0,0.0,0.0
16,1.5876932907381474,3.0946644226427056,2.485820520945936,1.1558847806094878,2.82885175924766,2.436247861665358,1.0187336804705531,1.564286087527937,949.9371847450474,0.0,5038.195944435266,1723.502266424033,0.0,642.6289697944304,823.6921567686404,0.0,6731.057259460692,3086.711073929109,0.0,1809.9121403490508,1600.7600215411237,0.0,2971.4061521572285,5076.061653951024,1275.1266790990755,0.0,0.0,0.0,1919.2637031296665,0.0,0.0,0.0,0.0,0.0,1447.4973624053712,0.0,0.0,0.0,0.0,0.0,0.0,0.0,0.0,0.0
17,1.720534564622093,2.79007950979485,2.544433827911958,1.0316245626029923,2.708970704464285,2.4891943964127905,1.0197009347641195,1.533784762108805,1005.6461498891324,0.0,5074.433685914986,1742.077383826257,0.0,654.2548517745007,842.256217966742,0.0,6752.263329334572,3087.231065693152,0.0,1774.6212780221638,1601.691550480591,0.0,2899.883521571116,4977.555384547082,1247.9775801108924,0.0,0.0,0.0,1907.570360164501,0.0,0.0,0.0,0.0,0.0,1437.5287956635784,0.0,0.0,0.0,0.0,0.0,0.0,0.0,0.0,0.0
18,1.8684668641071824,2.374142711230105,2.532803541037413,0.8606768107368875,2.7209722892909998,2.525567467172813,0.9860814806936444,1.4780022937916266,2018.4520714849589,27.62473343424841,5298.670765559016,1820.7575847782305,0.0,923.0802354697718,1190.6375913377408,0.0,6722.813891625889,2719.119378784032,0.0,1459.8272958843886,1644.160514880211,0.0,1869.937854350865,3951.226532737162,967.0522410571324,0.0,0.0,0.0,1716.097255977754,0.0,0.0,0.0,0.0,0.0,1284.8818380134142,0.0,0.0,0.0,0.0,0.0,0.0,0.0,0.0,0.0
19,1.963050537444517,2.0346730347611923,2.3748110444045176,0.67998660603907,2.9080441132433243,2.507344503521856,0.9342247770514288,1.3989278266493046,3144.025919400592,474.1268649144331,4823.717163555102,1179.5350690593336,0.0,1350.408594018491,1627.859444166495,0.0,5988.552726941025,1744.3620570842247,0.0,1666.9580474654017,1918.3040714156195,0.0,1563.7319618150143,4055.0684893722378,938.3909361367988,0.0,0.0,0.0,1789.9869745739,0.0,0.0,0.0,0.0,0.0,1392.4089334591306,0.0,0.0,0.0,0.0,0.0,0.0,0.0,0.0,0.0
20,1.9383473855415276,1.7908108072713131,2.087151797209304,0.4863128521395359,3.043123438932452,2.4159837311937964,0.950234473277962,1.3201929323898127,3302.4613034396466,753.5335814553001,4626.373254711035,952.4218392546378,0.0,1343.243813333866,1677.507070597616,0.0,5757.121534623418,1487.0316806445544,0.0,1663.068077971602,1937.750034407867,0.0,1446.4474217682657,4046.320519553673,933.6495980924184,0.0,40.83565944027815,31.721267615888586,2563.12090653625,0.0,0.0,8.994989311406298,0.0,0.0,2302.9530755938413,4.019884603770072,0.0,13.611886480092718,2.626855285631928,0.0,30.925250862666783,98.30806902289186,0.0,0.0
21,1.880951300184538,1.6045173414826297,1.7903877909939585,0.3148071828420424,3.169623716263375,2.26885306367623,0.9615094997088496,1.2624606272011505,3285.169342654472,763.2525210399982,4562.031926727929,892.257189884568,0.0,1316.0879664696847,1662.5062567960003,0.0,5679.085576784208,1401.594969736539,0.0,1635.3926843707814,1919.4907660337856,0.0,1405.6774016512118,4007.7904263382234,922.2647564062931,0.0,86.10690264726207,66.8881105359336,2711.2786871470703,0.0,0.0,18.96701754218444,0.0,0.0,2477.005204766241,8.476410494516053,0.0,28.70230088242069,5.539040521168906,0.0,65.20961340830667,207.2943952619272,0.0,0.0
22,1.764729135754157,1.4885213255260188,1.5135182068349928,0.2260371516212629,3.365317021836108,2.164684087342191,0.9990329028549282,1.2646453343344428,2845.59352412233,544.5958217842186,3921.1801227811743,372.7756295819745,0.0,949.4149092137994,1392.1154049970964,0.0,4891.691305135742,585.5715741893439,0.0,1257.3670376880907,1642.2924095111882,0.0,989.5012719617428,3485.536316547393,770.4402588522734,0.0,638.0641255858483,496.6629909286286,3673.352801861104,0.0,0.0,142.3095207002894,1.785295253996456,0.0,3605.7665172544102,66.84461578687163,0.0,214.5731036154339,46.86081199891615,0.0,482.5164734510098,1530.6357352414338,0.0,0.0
23,1.6367512542837728,1.4366815414640572,1.230542446855521,0.1511389936141323,3.59319674944818,2.0628951726932985,1.0538574367837297,1.244232749241065,2470.567868579566,358.0603297016935,3374.3910446779864,0.0,0.0,636.5761353295148,1161.4312707053532,0.0,4219.885290887329,0.0,0.0,934.8121812104104,1405.7728982338904,0.0,634.4147372054554,3039.944348195113,640.89944427094,0.0,1066.2829612782814,836.89634001832,4394.230894590794,0.0,0.0,249.8366876814637,15.167449429253256,0.0,4446.364725026935,139.23089459079424,0.0,371.4426959509034,118.00055946480256,0.0,801.5950601529264,2520.721735297238,0.0,0.0
24,1.460947901984191,1.380881814411039,0.9395472468232324,0.0861087803487242,3.6628502572762,1.914016734103106,1.107070204165426,1.200435149489974,2288.254433189127,257.2433412754101,3082.0736718452217,0.0,0.0,469.0509636491158,1029.5605125810373,0.0,3850.073829744172,0.0,0.0,759.3036780636888,1271.7857851824076,0.0,434.3292867794674,2780.355797031532,565.8288996890186,0.0,1252.6559686731107,1017.7247832523536,4564.360920168097,0.0,0.0,355.45767896815414,105.58707595601008,0.0,4624.547325414992,303.3575503713225,0.0,501.2875636825431,342.7047262391767,0.0,904.352667363798,2735.815181741348,5.390227866447476,0.0
25,1.2520017991104495,1.279249944481655,0.7036488515042384,0.0318053940703787,3.5516067869290104,1.6813968419979677,1.1274675844881683,1.0925757908701603,2307.402943011868,201.3451025739576,2923.829270734681,0.0,0.0,378.05441704207647,906.1450756845608,0.0,3583.2489385225467,0.0,0.0,645.7161077359453,1153.7278655756136,0.0,261.5668396654127,2507.0911534612965,490.39625791286574,0.0,1439.8678724693375,1198.0974313911008,4708.190594726752,0.0,0.0,425.4279193541345,173.4911463343989,0.0,4757.322722257415,343.957820751664,0.0,540.3547507482868,413.4426207638927,0.0,855.2952444188369,2737.6852387113204,0.0,0.0
26,1.0365852222381833,1.157271017883463,0.5368606143304364,0.0236396160598017,3.4745608980091998,1.4286404803409134,1.0551324113268592,0.9337135435484284,2347.0,248.0,2888.0,0.0,0.0,370.0,897.0,0.0,3529.0,0.0,0.0,630.0,1150.0,0.0,226.0,2462.0,496.0,0.0,1494.146932391574,1266.5235213614333,4757.0882295438805,0.0,0.0,435.2176459087762,167.04153736569717,0.0,4751.941297152307,304.4961631026919,0.0,500.22965657828536,369.970473303812,0.0,757.1902876500347,2638.9237811256285,0.0,0.0
27,0.8478519992878663,1.007689484552665,0.3974447349743978,0.0272830665178827,3.282658409785421,1.140746243798318,0.9634546267586472,0.749637301177253,2063.9299195269277,269.8433719587077,2811.0655704498545,0.0,0.0,340.54183552540894,751.3536868088786,0.0,3450.170809870785,0.0,0.0,647.7320990041228,1067.9890421059322,0.0,266.218974555722,2507.581504496485,495.3564964071084,0.0,1684.7633899999837,1613.955185133534,4956.786647345058,3.932521956559489,0.0,436.69011469393865,111.0319136651062,0.0,4772.463321218702,204.5745227966315,0.0,338.4426905473584,321.60124093789057,0.0,475.40286854438193,2218.765609140224,0.0,0.0
28,0.6853861486590164,0.8325305520425821,0.2757794773781327,0.0388944354617951,2.933454726823619,0.860941324035638,0.9010467399577162,0.6267813812817887,1177.5960083142097,254.59514861637172,2562.121926810258,0.0,0.0,223.81019512099047,355.84791962345537,0.0,3165.62933275117,0.0,0.0,551.7727127522244,719.5760677000168,0.0,283.06921293177567,2096.682420264949,397.711377976437,0.0,2041.59748443562,2250.9472991470034,5408.232299713725,98.79883769572974,0.0,539.6460511743443,134.87142458518883,0.0,5081.518688636375,291.61443375789713,0.0,246.4453998305751,320.22592476016257,0.0,271.21432847044605,1860.840158126912,0.0,0.0
29,0.5932403549196804,0.6308008496798878,0.1838092681852642,0.0507494564252502,2.420116387007233,0.6192374891960125,0.8563654295469997,0.5715637559343375,14.754450185035136,3.2189681408507487,2131.458185075828,0.0,0.0,2.8127891956329867,4.437504976504032,0.0,2575.911384372936,0.0,0.0,6.965968910484591,9.047636004725616,0.0,3.584529191546732,26.462558280937078,5.016309973439333,0.0,2278.0856277165376,2644.6412114580385,5854.797767853836,502.0870408820532,0.0,747.9801468635276,417.18294133003263,0.0,5721.902030519151,874.1828933109623,0.0,614.1322974858963,473.0100289935227,0.0,681.8989433551529,2452.773504953793,38.12673121138986,0.0
30,0.6018435614638005,0.4954688442906009,0.1459010116808123,0.0642075342413349,1.8624902989070429,0.4395630456794334,0.7604843584028078,0.6208017728387146,0.0,0.0,1722.9504806078346,0.0,0.0,0.0,0.0,0.0,2015.7731725748229,0.0,0.0,0.0,0.0,0.0,0.0,0.0,0.0,0.0,2807.9676785300603,3554.135002416169,6827.140599072069,1458.9189351838525,0.0,1079.8036319865373,964.9958121386708,0.0,7033.774209626959,2145.4933059592167,0.0,1314.565566600548,1142.8359332338346,0.0,1354.4495800907682,3360.2313425585085,204.96807164404,0.0
31,0.7261002996677751,0.4582983574192665,0.1191251299880395,0.1043447036199345,1.3668678596225932,0.3880376684837214,0.6724399257063123,0.7702147150431906,0.0,0.0,1697.7412386386118,0.0,0.0,0.0,0.0,0.0,1981.208168427083,0.0,0.0,0.0,0.0,0.0,0.0,0.0,0.0,0.0,2826.287882925361,3574.6761429353373,6845.459770156793,1474.6767570480356,0.0,1091.5924367045209,977.9691147431952,0.0,7057.539615730508,2160.7572167344497,0.0,1326.3953672114792,1155.9427042561897,0.0,1359.5215406704024,3370.3122750933608,208.5930508172189,0.0
32,1.0018398583639452,0.4483163056872028,0.1168932008018549,0.2044938255999508,0.8818572753337941,0.3940905016435782,0.6063002452338752,0.9674653524112092,0.0,0.0,1032.755866976999,0.0,0.0,0.0,0.0,0.0,1080.8778068017916,0.0,0.0,0.0,0.0,0.0,0.0,0.0,0.0,0.0,3207.884916243122,3830.650356844376,7013.391989598025,1503.9883311098883,0.0,1328.8001157641115,1100.0860789592948,0.0,7202.402838079199,1965.879624983868,0.0,1303.7719199283388,1181.3346326774008,0.0,1118.0076225987225,3130.4732323326243,214.9331815883245,0.0
33,1.3600283983564232,0.4718990946074062,0.1871349799944833,0.4955232236592499,0.4776546666638268,0.4388230573231366,0.5692283889402625,1.2026638458797725,0.0,0.0,666.8148957431273,0.0,0.0,0.0,0.0,0.0,667.4947218943861,0.0,0.0,0.0,0.0,0.0,0.0,0.0,0.0,0.0,3645.401844631997,4272.727259528432,7598.061641024702,1615.3701921256932,0.0,1507.0006479637932,973.6237651965794,0.0,7605.860423960363,1756.2837280358592,0.0,972.864016625374,782.3542659784301,0.0,701.6483094451849,2409.1222911506948,27.94437413643829,0.0
34,1.7954301972535152,0.5558877637820059,0.3426042607820086,1.0156277133917715,0.2936117919307456,0.5163423721778687,0.5928312950109903,1.4002450114945069,0.0,0.0,607.3286508847166,0.0,0.0,0.0,0.0,0.0,621.0433963944274,0.0,0.0,0.0,0.0,0.0,0.0,0.0,0.0,0.0,3744.9112858276985,4325.127666896957,7732.9831139299,1636.7075636178238,0.0,1541.6123437804029,939.475769489019,0.0,7690.336069290541,1714.4781958733083,0.0,883.3948860625026,669.2349200358988,0.0,609.3763224408801,2228.226012641471,0.0,0.0
35,2.196425182193002,0.6721014137198461,0.5151321456209534,1.6978416690887743,0.2850968593012454,0.5835658025836368,0.6283627264167515,1.5512430385301732,0.0,0.0,561.9833044703976,0.0,0.0,0.0,0.0,0.0,590.1446576512831,0.0,0.0,0.0,0.0,0.0,0.0,0.0,0.0,0.0,3953.718686122344,4378.92624108706,8046.63903836045,1806.489161292761,0.0,1592.420974957232,845.8840417737104,0.0,8020.759699650994,1827.8132196758909,0.0,665.9299643888488,378.8563433582955,0.0,440.0633736105257,1816.2184033596016,0.0,0.0
36,2.5388808101969547,0.7446608324455566,0.7072081651574005,2.4994975432199578,0.2826705788563922,0.6357664342491074,0.7308471828731917,1.6416407475499313,0.0,0.0,528.419638630966,0.0,0.0,0.0,0.0,0.0,567.3193681881177,0.0,0.0,0.0,0.0,0.0,0.0,0.0,0.0,0.0,4215.133324896072,4519.8356531320005,8397.590941449582,2054.6030970257707,0.0,1682.7473976031763,799.296500482677,0.0,8431.47652538451,2042.9778941936345,0.0,470.6050107113026,145.6183375688861,0.0,278.8019883233436,1447.0913404957512,0.0,0.0
37,2.818601115701947,0.7472670479999978,0.9322646810232575,3.336792880835312,0.2762716244382681,0.6794664292714089,0.8592590872531044,1.723528169327549,0.0,0.0,490.71144717018666,0.0,0.0,0.0,0.0,0.0,517.904916630637,0.0,0.0,0.0,0.0,0.0,0.0,0.0,0.0,0.0,4449.734389014599,4662.564933956766,8553.223874674099,2195.302706262526,0.0,1797.0028211299057,859.6537379102591,0.0,8643.338054440688,2194.1814476777263,0.0,420.0965953803051,111.70408355029303,0.0,208.63013111965608,1315.8717190922134,0.0,0.0
38,3.053382815757951,0.7472670479999978,1.1269733958936892,4.049505813479827,0.2653770226843865,0.7344628369663027,0.9606511887992428,1.7638194503265303,0.0,0.0,472.4122235568386,0.0,0.0,0.0,0.0,0.0,459.64710859622,0.0,0.0,0.0,0.0,0.0,0.0,0.0,0.0,0.0,4701.176499627885,4842.371367697422,8666.756758775815,2310.2572638640827,0.0,1920.3270873907436,939.3230033894724,0.0,8807.675034565546,2295.2722684925297,0.0,383.3336113186713,96.06650971853767,0.0,147.42652587571808,1186.6496913909198,0.0,0.0
39,3.304703938320354,0.7641644084624994,1.2762597242705738,4.717722581102984,0.2529813409010413,0.8146777211692171,1.038227099045805,1.8271079824048808,0.0,0.0,456.0721235887988,0.0,0.0,0.0,0.0,0.0,437.90379177269807,0.0,0.0,0.0,0.0,0.0,0.0,0.0,0.0,0.0,5561.17521600578,5750.563707886644,8494.757900617404,2203.035689548069,0.0,2352.934480874289,1250.7101437154151,0.0,8547.934330251725,1927.643187864748,0.0,316.4622707324917,99.36313056927496,0.0,60.13647162267184,777.9576231173415,0.0,0.0
40,3.447179001873212,0.8179768711299721,1.3446951503749396,5.200760584194174,0.2350783168749079,0.8882978432853756,1.0267053569701,1.8755904509200645,0.0,0.0,351.8714470360956,0.0,0.0,0.0,0.0,0.0,339.34148516813127,0.0,0.0,0.0,0.0,0.0,0.0,0.0,0.0,0.0,5993.96734635776,6453.368108998475,8099.585148318687,1810.6939830634035,0.0,2608.690137671581,1363.6305984748346,0.0,7906.428940721911,1318.090270143075,0.0,255.7003813203573,81.66561915026509,0.0,53.89218962016123,620.6017902244172,0.0,0.0
41,3.4241595058698464,0.820757881794017,1.3658303514442036,5.373224700032828,0.223168582203636,0.9299500352902096,0.996881080319719,1.8970961371178447,0.0,0.0,343.11409962926354,0.0,0.0,0.0,0.0,0.0,344.71561421884775,0.0,0.0,0.0,0.0,0.0,0.0,0.0,0.0,0.0,5889.731900795808,6619.0027261549,8079.334854706863,1800.9735979678194,0.0,2597.698627896584,1458.550408923235,0.0,7834.213876582588,1372.2444233269111,0.0,429.1244937237505,244.99876187555975,0.0,140.80068971104612,875.085608182821,0.0,0.0
42,3.340474049342196,0.8253633628405282,1.3503763958571413,5.375755576637044,0.2587292772931905,0.9762800585930236,0.9805139505249176,2.0381058894269115,0.0,0.0,328.69961833379904,0.0,0.0,0.0,0.0,0.0,345.6881866031038,0.0,0.0,0.0,0.0,0.0,0.0,0.0,0.0,0.0,4911.895315608234,5932.808351796793,8175.109063118308,1928.919291552084,0.0,2039.3932175518628,1342.2349869856132,0.0,8074.28228912584,1822.6209416341144,0.0,749.7608961514816,626.3972632919977,0.0,544.5578768166075,1626.8929829816232,0.0,0.0
43,3.2206209457568686,0.8414103702857113,1.2673292885264096,5.204533322858228,0.3825779873499231,1.013723412867313,0.9384664270914646,2.204698907752662,0.0,0.0,477.2796750051355,0.0,0.0,0.0,0.0,0.0,463.188065921417,0.0,0.0,0.0,0.0,0.0,0.0,1.0083090235996293,0.0,0.0,4117.630434553419,4983.372859837826,7919.584338549721,1999.0654051090696,0.0,1590.2179417469215,1079.843125087038,0.0,7904.593901292213,2017.4437956562692,0.0,761.1997850491504,653.3650475692106,0.0,666.788808695561,1783.1962507305166,0.0,0.0
44,2.9812426138709998,0.8598100547242498,1.10758298846587,4.7830704036143645,0.5253044835348848,1.0294989707603588,0.8258648955672291,2.3986935175746287,0.0,0.0,1006.4561703947594,0.0,0.0,0.0,0.0,0.0,1356.8042451838546,0.0,0.0,0.0,0.0,0.0,0.0,7.38486430225489,0.0,0.0,2393.5368792465515,2895.4031330365747,4807.630148774105,1235.8279966340965,0.0,901.2300865417092,617.4848822580897,0.0,4812.102389264461,1266.2438443704164,0.0,466.1092767358027,402.3277019811527,0.0,426.6428372467629,1114.0704589561317,0.0,0.0
45,2.6285678930138787,0.8583599488927084,0.909085227466094,4.078169526707049,0.6666275324322859,1.0272115898284155,0.707913952066445,2.557538516358026,0.0,0.0,2527.8625274350816,127.6675005677582,0.0,0.0,0.0,0.0,3097.6638978106985,379.0765504024944,0.0,0.0,0.0,0.0,71.03061641548315,493.1541613473312,0.0,0.0,744.207577053837,721.8456031293229,1931.85981472948,347.23146064768025,0.0,198.02374378075788,118.81317447039868,0.0,1895.3641625069868,371.0831392911239,0.0,91.32867644735288,65.41077034104791,0.0,112.76118762906567,395.5340040220464,0.0,0.0
46,2.309561520345772,0.826339630731151,0.6945348008663429,3.246281405717089,0.80046864251163,1.0214528481696905,0.6150068577209304,2.719752658930491,44.82692307692308,0.0,3910.646440631765,493.7510645678231,0.0,12.115384615384617,0.0,0.0,4663.832801220392,1135.8891027892378,0.0,0.0,0.0,0.0,325.7078768527272,1062.279937194829,0.0,0.0,1544.8815419002117,917.8084599345408,5372.029664444975,568.0701299303283,0.0,147.27170854235587,13.704440047369967,0.0,5167.306769920135,657.160944268187,0.0,10.239606503806732,0.0,0.0,154.68258037463443,954.4385802618858,0.0,0.0
47,2.0699486111867174,0.8411574961195999,0.4877662608239201,2.474983597017935,0.9273083839760826,1.019048111229236,0.5295221830086402,2.841907544781394,121.2064752729215,0.0,4185.070078997518,818.5373331163987,0.0,38.096756920418166,0.0,0.0,5061.208778143729,1629.0127347526984,0.0,10.548591762516626,2.565873671963504,0.0,597.5007725874044,1292.0611427382382,0.0,0.0,1949.029182558084,1097.1700721585185,6852.357443006262,535.850199679587,0.0,122.08950973939102,5.682580223444281,0.0,6545.563326798092,623.5157804936908,0.0,2.016353475799906,0.0,0.0,132.28472715452438,1134.0312225576895,0.0,0.0
48,1.8277153766324064,0.8540798069267136,0.2988425451991402,1.7292028080328234,1.0193787087637325,0.9713424369310146,0.4218700989181183,2.8189693970607745,245.27537489768008,0.0,4242.494148861668,992.1422849503676,0.0,126.3041230524699,0.0,0.0,5332.493855290925,1977.408429945703,0.0,115.2800054279753,32.74547660837968,0.0,911.7420406706744,1725.980414854938,0.0,0.0,1923.097539711752,1128.815911741803,6602.418330155467,365.5590368104052,0.0,89.1407125980622,8.917824944484208,0.0,6207.768231824121,380.29325512610353,0.0,1.586926571504086,0.0,0.0,75.1946233917603,910.1525569541222,0.0,0.0
49,1.5114718877023272,0.836424795480397,0.1646529755848507,1.0752194716624504,1.0263850881320975,0.8927552094625918,0.3328987741427253,2.655568318666845,464.9201390168138,0.0,4058.403018964045,894.8917061058719,0.0,185.4042394752391,0.0,0.0,5143.216060902345,1699.0557519531112,0.0,195.94634375505592,125.48954963301117,0.0,940.4556925239064,1703.5320096057228,0.0,0.0,1938.0716172971336,1186.2838461913511,6558.161442625394,360.6443837178051,0.0,98.51513421645294,12.29128670806984,0.0,6098.090744995125,332.69131756265176,0.0,1.1611707726733398,0.0,0.0,87.50587461873302,763.1992388218944,0.0,0.0
50,1.22937583280731,0.7340027374808947,0.1041993089825582,0.6438766926727484,1.0165677387309022,0.8679379445456813,0.3104011855913632,2.481401630070603,617.5317861524954,0.0,3952.424838571969,794.4739573628634,0.0,144.7031064659813,0.0,0.0,4841.226905689785,1220.1612283766983,0.0,199.05360719492447,237.64550501802896,0.0,766.1667050827344,1222.265716780729,0.0,0.0,1949.7932039805935,1193.7374159970143,6682.802839656659,473.1157596715862,0.0,114.26803597462258,15.316736395073796,0.0,6221.707619604411,434.6354757059205,0.0,0.752516800597116,0.0,0.0,128.37063513372013,753.3850639134183,0.0,0.0
51,0.9903321489011476,0.6068337505116261,0.087266733298815,0.4597624245704168,1.007968408547864,0.8805805490879453,0.3005630540708342,2.3091245741029303,957.9462920374822,155.83023839104217,3805.910558603117,610.562393565939,0.0,98.59482329710129,9.818060254039816,0.0,4463.405266668985,625.4407539991562,0.0,202.6029090397581,364.9627183847944,0.0,568.4318729546743,777.7744104089473,0.0,0.0,2134.9312832995934,1477.9701596793047,6964.985432313002,812.841936036374,0.0,351.76209408646844,110.78137898584372,0.0,6678.458926734837,938.1873986861048,0.0,0.3566134492598434,15.532742152846648,0.0,249.9382622431156,1445.8746095117465,0.0,0.0
52,0.7693597902927498,0.4733920191369913,0.1482813119179204,0.4659473080734719,0.965843776453394,0.9167864466413904,0.2782037041923008,2.058174929771352,1575.5327259008816,618.6489773454438,3644.121922246736,323.2171917232553,0.0,62.629637363149584,38.97788387152231,0.0,4120.258021498907,94.39922447303324,0.0,206.36559093499585,500.0453830041798,0.0,358.5546136180368,699.0561409415203,0.0,0.0,2097.925084602261,1460.178531025694,6862.305858763597,728.5730106711418,0.0,324.89858564991835,71.21430252110484,0.0,6554.908006711231,858.009421061313,0.0,0.1280599248923188,6.042991278850498,0.0,200.1273277379024,1395.556518344634,0.0,0.0
53,0.6074538613165221,0.3523228475599478,0.2164044434596797,0.5055445053143978,0.8819659726119017,0.997935997128963,0.3050702544645129,1.8421639262682,1854.0548508702057,1099.252848199509,4175.149902466004,630.3378850179304,0.0,351.1971503200362,588.1330474199192,0.0,4947.591819939197,841.4604692053562,0.0,275.9472286424605,659.4442957594848,0.0,336.8954467428905,1794.4019808657629,181.50342222943505,0.0,1663.306197595795,1076.045321444723,6187.836864293753,67.40431512968533,0.0,30.307341693347563,4.329620241906794,0.0,5726.955372883175,79.99957401523237,0.0,0.0,0.0,0.0,16.53127728728049,1009.7469433010842,0.0,0.0
54,0.5182192258752002,0.2656951119555066,0.2739490486497182,0.5725787734883633,0.8135169996209737,1.1422041729706762,0.3677230514568836,1.7311641857940234,1827.5239397043097,1321.5862541193912,4488.704441689675,1001.092878708234,0.0,499.8399443754263,891.4825564590574,0.0,5440.516692459227,1462.6880626623768,0.0,725.7000919360183,1174.323377002706,0.0,1048.1930153573971,2832.5261728239416,683.3307834185669,0.0,203.2504253225177,45.76615453496313,3642.606566066759,0.0,0.0,0.0,0.0,0.0,3061.934793574842,0.0,0.0,0.0,0.0,0.0,0.0,42.94621610876266,0.0,0.0
55,0.5424294444354126,0.1975891578690602,0.3553718648934922,0.7168071215727875,0.7986737802165331,1.333764188728552,0.4884586970584335,1.7434854742888433,1770.9937103740783,1490.3123228875525,4742.6025399426935,1336.0860222397478,0.0,616.1127680197174,1133.254498625931,0.0,5840.414510181054,1998.6359526003992,0.0,1164.8507489427027,1667.3927607997632,0.0,1758.5851232630853,3744.915727099545,1162.0678794610608,0.0,0.0,0.0,1661.8983815110046,0.0,0.0,0.0,0.0,0.0,1419.087397537943,0.0,0.0,0.0,0.0,0.0,0.0,0.0,0.0,0.0
56,0.6533560075215961,0.2680384120839834,0.5368300267574749,0.934877686616602,0.8360503440279087,1.5079154884935564,0.6505337341411306,1.796384485810766,1553.499756385462,1405.0866746983938,3938.149837284725,705.2700952000206,0.0,769.4956493653409,1468.2617214008676,0.0,5308.599119000244,1616.7667573087174,0.0,1895.502679348439,2592.5892171353157,0.0,2752.6087873005104,5633.556626414652,2149.173912390156,0.0,0.0,0.0,582.8024631190257,0.0,0.0,0.0,0.0,0.0,495.60960276158767,0.0,0.0,0.0,0.0,0.0,0.0,0.0,0.0,0.0
57,0.7685537340746108,0.4270500556692893,0.7533471360934029,1.1474216944778268,0.8783246092237313,1.653482183329094,0.7851824050536318,1.8574171849298555,1317.7419154796155,1167.8986844339202,3541.066534287787,468.4827564169584,0.0,768.6550620134703,1472.906763207881,0.0,5018.618801943169,1483.0288576356957,0.0,2096.5501057474435,2796.7399392392213,0.0,3098.097925166513,6238.596046841041,2401.9661497154016,0.0,0.0,0.0,1056.0091553011823,0.0,0.0,0.0,0.0,0.0,883.8918801076325,0.0,0.0,0.0,0.0,0.0,0.0,0.0,0.0,0.0
58,0.9107421147351475,0.645707276289741,0.9910885836285604,1.3506197716570905,0.9397456486709876,1.8281972979308307,0.9528113855550364,1.9935358043479143,1077.2359801260911,988.0814592533088,3102.68585673926,415.4646148864416,0.0,715.5864511571896,1236.4581044290671,0.0,4437.652392212279,1327.8979713373235,0.0,1867.5909569155467,2349.881956969149,0.0,2666.526288386185,5459.288664292762,2102.4412926522486,0.0,0.0,0.0,2418.31072446879,0.0,0.0,0.0,0.0,0.0,2009.8697854896552,0.0,0.0,0.0,0.0,0.0,0.0,0.0,0.0,0.0
59,1.0745160263895364,0.9526936394601292,1.284209187280939,1.5769420389268995,1.1047474238154067,2.0240690737275737,1.1325007753934817,2.2408462377115894,1514.7245983948933,1351.9303280160354,3186.971481339346,575.9663259805122,0.0,812.3360374072766,1166.736417961413,0.0,4434.606547882625,1398.4067196980388,0.0,1391.6970530663812,1827.5969392094648,0.0,1890.4391832484168,4133.943601451813,1554.233518349803,0.0,0.0,0.0,2575.1945974783243,0.0,0.0,0.0,0.0,0.0,2151.0825936871406,0.0,0.0,0.0,0.0,0.0,0.0,0.0,0.0,0.0
60,1.210936990058647,1.2223111346780249,1.5509593795163956,1.7860139210787118,1.2516581826231394,2.094172643562328,1.2615176607672998,2.335000709528533,3165.2036482545054,2375.553053804982,4355.559331554576,1044.104753608164,0.0,1343.663255115535,1471.4481718102738,0.0,5787.721753049924,1865.9506712292875,0.0,940.3697868221408,1432.113061518367,0.0,1008.654474607069,2943.6069439299376,970.7326177330108,0.0,0.0,0.0,2468.532136565866,0.0,0.0,0.0,0.0,0.0,2035.751597118371,0.0,0.0,0.0,0.0,0.0,0.0,0.0,0.0,0.0
61,1.2961345524249797,1.444166211780861,1.7500020083875532,1.9067105985297883,1.3183199024858616,2.0882541281225824,1.3129603082473416,2.3121990391218405,5247.117808332763,2309.460867989731,4446.876260652598,1126.1354489332043,0.0,1905.5429973003,1683.1000643674854,0.0,5555.343407663946,1405.5132630866476,0.0,472.5048915874293,847.6116456368471,0.0,264.4554269373523,1476.942126512322,178.40155521012372,0.0,0.0,0.0,2332.4083725620862,0.0,0.0,0.0,0.0,0.0,1915.4794559496052,0.0,0.0,0.0,0.0,0.0,0.0,0.0,0.0,0.0
62,1.3250008796435897,1.6187515369379355,1.8127345386450493,1.890087543465241,1.363426731862324,2.0351037445379374,1.321994362310435,2.291558575895288,2260.1655731401,978.4326664093184,1889.413504633392,478.96606027482426,0.0,817.8713417963563,718.2936378982315,0.0,2355.200004402893,589.1965128388281,0.0,194.64395146122357,352.13659137881206,0.0,110.89966479568032,607.7323472545675,64.74579786983776,0.0,0.0,0.0,2206.865862203753,0.0,0.0,0.0,0.0,0.0,1756.458421442986,0.0,0.0,0.0,0.0,0.0,0.0,0.0,0.0,0.0
63,1.281666428369655,1.7163712067722516,1.7941315005448482,1.7933045618455437,1.3630870517423546,1.9221771914307384,1.2749140510320705,2.2924414861387263,668.7615937655112,22.139449215881097,1296.2469561195098,473.0124172283502,0.0,304.7799624998381,437.3945163989781,0.0,1689.4506915514428,750.6991340554615,0.0,333.9059375125935,427.2425479205396,0.0,464.07546053238354,937.4402572217932,248.3282464924516,0.0,0.0,0.0,2098.975212792753,0.0,0.0,0.0,0.0,0.0,1623.7992133996893,0.0,0.0,0.0,0.0,0.0,0.0,0.0,0.0,0.0
64,1.17784092988491,1.760364886019456,1.754557443698382,1.6694447826955354,1.369247287397485,1.7782654116805878,1.1847312213936874,2.284697174877556,1824.28939249942,0.0,4902.104518072951,1909.388050380172,0.0,948.6227733937258,1607.03762566848,0.0,6447.6141952084845,3131.834991211829,0.0,1421.7868995625995,1768.1819426449963,0.0,2082.8364404883464,3962.9448576582568,1102.9142057276204,0.0,0.0,0.0,1991.9777807497703,0.0,0.0,0.0,0.0,0.0,1518.601084215013,0.0,0.0,0.0,0.0,0.0,0.0,0.0,0.0,0.0
65,1.040849468351737,1.773929958422843,1.6897897731292817,1.5029360237477856,1.3469977841809584,1.6485979927803778,1.040300379676258,2.2358241198487363,1669.395842019835,0.0,5097.233863824074,2075.8942464506927,0.0,927.8639446188432,1628.4926051263371,0.0,6720.83091800789,3506.887925657953,0.0,1518.701762396708,1928.3652778551773,0.0,2443.450124890794,4273.174881296629,1206.7682236713606,0.0,0.0,0.0,1894.4556890272584,0.0,0.0,0.0,0.0,0.0,1432.503396735813,0.0,0.0,0.0,0.0,0.0,0.0,0.0,0.0,0.0
66,0.8683745485419284,1.7583463794713583,1.5282517936712263,1.266266447799061,1.2966020564603336,1.6710044497164116,0.9072177502150184,2.310210327279471,1455.0135564728762,0.0,5186.176808041025,2217.619198631097,0.0,880.4046582825812,1648.8213714626245,0.0,6867.544522468904,3892.033714071432,0.0,1575.1351550777215,2045.7023341169809,0.0,2772.6198988726223,4520.846358930347,1290.0128761221326,0.0,0.0,0.0,1824.2640917262167,0.0,0.0,0.0,0.0,0.0,1385.43347050174,0.0,0.0,0.0,0.0,0.0,0.0,0.0,0.0,0.0
67,0.6755980484533923,1.6761759174782054,1.3118610091928855,1.0033518454907076,1.263854568016418,1.7278852846902482,0.8172553395982027,2.414020951896034,1426.8742368395306,0.0,5127.467922659821,2201.54733314372,0.0,892.697250275926,1758.6105259455608,0.0,6826.951570605114,3961.009021291885,0.0,1604.2789746442154,2181.285061131601,0.0,2895.366951901103,4696.405181045433,1396.634412969409,0.0,0.0,0.0,1771.0423126503267,0.0,0.0,0.0,0.0,0.0,1334.3145472382512,0.0,0.0,0.0,0.0,0.0,0.0,0.0,0.0,0.0
68,0.5036310929385786,1.5675844257167535,1.1252101408504964,0.822773844987398,1.2350532882008818,1.804242521118752,0.7519927165881185,2.4968920631714435,1304.054872565726,0.0,4543.873384220738,1911.3196825546183,0.0,814.5949475091701,1630.9545029488163,0.0,6058.180897905037,3488.4528116512724,0.0,1456.753623589924,2044.334851484495,0.0,2636.455959029557,4297.113550522671,1317.6677468631822,0.0,0.0,0.0,1776.1459162620267,0.0,0.0,0.0,0.0,0.0,1351.39012627395,0.0,0.0,0.0,0.0,0.0,0.0,6.2867762413525545,0.0,0.0
69,0.3634262006262458,1.428512081326526,0.932327811311818,0.6611225186063038,1.229936244046274,1.885089229050072,0.7370776546872346,2.531261562785237,1116.258007064156,0.0,4112.136890127932,1530.9554785718508,0.0,640.8432588107162,1303.3954218027295,0.0,5451.554421494307,2858.6138273392858,0.0,1142.0605995850362,1638.845452192194,0.0,2159.319214414353,3639.008040874836,1041.674919731032,0.0,28.757749060606127,0.0,2208.230142531211,0.0,0.0,0.0,0.0,0.0,1829.4526838747609,0.0,0.0,0.0,0.0,0.0,0.0,219.41172473323007,0.0,0.0
70,0.2538425506150181,1.2752479451194658,0.7061284408018618,0.4757830235975989,1.2241338227306304,1.9422930279229256,0.7412796631758151,2.5362943617528173,985.229742312332,0.0,4068.8426894629647,1267.0795687623677,0.0,489.4837226637537,1020.357816588314,0.0,5354.718854451131,2437.754924752479,0.0,867.557395899797,1283.7808484891796,0.0,1800.6431925707002,3201.7114145172845,790.1557160892726,0.0,187.84847019109213,0.0,3057.026232570564,0.0,0.0,0.0,0.0,0.0,2803.119101470581,0.0,0.0,0.0,0.0,0.0,0.0,817.2886266923248,0.0,0.0
71,0.1822622050941326,1.1291201111650024,0.504201922347728,0.3235318269147196,1.2252494368017726,1.9721339245359943,0.8098067586068676,2.5742022523875905,718.3356664258182,0.0,3980.7225627347534,730.302534654545,0.0,181.5417882947406,443.9985340231232,0.0,5157.142881308864,1580.7262689330953,0.0,308.4348495653558,560.7334822483698,0.0,1069.6486431071082,2310.2968789251354,277.8601858251167,0.0,685.0920289034149,2.4196847543770663,4024.984850926223,0.0,0.0,0.5855039652566728,0.0,0.0,3908.971257682591,0.0,0.0,0.0,0.0,0.0,0.9499503109776632,1397.1412263885072,0.0,0.0
72,0.1624748288343631,0.9888983549473154,0.4064046352596091,0.239664344446124,1.2309207598177525,1.8992600421699144,0.8543742799648797,2.46839136061794,609.2335833193139,0.0,3955.828108645639,549.5622349641042,0.0,79.58315405726415,206.3420616584581,0.0,5043.146889853587,1236.35719272239,0.0,71.16904968849637,261.8442078845255,0.0,732.3823018729871,1880.5633107888816,62.67125271076547,0.0,1006.1914129263356,191.05747746374345,4650.034539730959,4.360841124949185,0.0,47.89735762931334,0.0,0.0,4623.074989821646,16.236125996279736,0.0,4.213016002069552,0.0,0.0,88.39942904352473,1771.5801429672752,0.0,0.0
73,0.1822172984983399,0.884795953441857,0.3610265006002202,0.1952366114285636,1.2075319390764123,1.8012982973134024,0.8555469330830556,2.308656997758584,555.4891604932106,0.0,3961.7761388501017,523.5810204363335,0.0,68.23983564015774,113.69417076172752,0.0,4932.9643760753925,1076.553091335545,0.0,0.0,116.7059049896008,0.0,503.7820640253113,1562.780914902398,0.0,0.0,873.4301011247749,159.1707944920338,5894.134349547959,735.563383725384,0.0,91.15878212714466,0.0,0.0,6233.334233069348,1497.4413906648924,0.0,170.0443448767417,0.0,0.0,891.6377320569435,2031.6378128159924,0.0,0.0
74,0.2150580099192446,0.7915997511788869,0.3222041078870422,0.1545526542259051,1.1273460595070266,1.655524380956044,0.8503817482041899,2.0448068621055477,721.0420460009803,0.0,3800.699471610503,305.47972122170256,0.0,56.73955136340386,96.73085533711205,0.0,4536.211600041863,622.6154135644846,0.0,0.0,17.6508588161723,0.0,203.9835625952108,1258.3218261748402,0.0,0.0,893.9884688056894,93.23232890419816,6325.066267961067,886.6006370881928,0.0,124.17687115083976,0.0,0.0,6854.543997784263,1814.2494918991176,0.0,331.04015684344165,0.0,0.0,1071.0688792994242,2352.3709866410745,0.0,0.0
75,0.2559717471713349,0.7188902872738459,0.2844583141993342,0.1202232897579406,1.0269325397171332,1.5117119671494998,0.8387071623160887,1.795666356911251,973.859353423745,0.0,3581.981412672774,107.58833580183143,0.0,49.263645351455246,107.60464122730076,0.0,4181.324155795255,256.2859236912339,0.0,0.0,42.73151039340311,0.0,18.36268135589689,1135.0487309164778,0.0,0.0,947.4097024592268,206.250694911363,6427.290442534185,901.2669598437813,0.0,161.02130201520592,0.0,0.0,6952.7374015066125,1859.0065394230076,0.0,389.0333413368569,0.0,0.0,1156.2784032125332,2507.998265498852,0.0,0.0
76,0.3640081995213586,0.6055041754477902,0.2442796509895583,0.0956928531592221,0.9073205831597084,1.2772158880130495,0.7952280637019468,1.4636283925920763,1116.120472903409,0.0,3482.9973635735178,6.294569640313228,0.0,62.244794262310776,124.63727624610286,0.0,4015.87816237602,15.796948808863013,0.0,0.0,38.701409452760565,0.0,0.0,1039.9153789792033,0.0,0.0,987.2296867329032,303.64914761636385,6486.922511088878,907.9256849410474,0.0,187.7669843454937,0.0,0.0,6994.290700578808,1872.5090577172657,0.0,417.116673330424,0.0,0.0,1208.7044311355814,2612.624245585845,0.0,0.0
77,0.5306734631948863,0.4571448793332871,0.1855035989351215,0.0765500346179313,0.7462471900608059,0.9944417931451118,0.6815037105414671,1.08556110034301,1229.0493479738318,0.0,3407.8073348562552,0.0,0.0,77.1829350472792,132.51774229941245,0.0,3895.656623976722,0.0,0.0,0.0,31.943359247268837,0.0,0.0,946.3085913457046,0.0,0.0,1233.9597418824458,764.8938163500387,6744.751076086375,995.0925813274382,0.0,231.24750855407197,0.0,0.0,7190.949378483872,1787.4993131687056,0.0,371.6947349144779,0.0,0.0,1018.7160404408849,2472.3084086937124,0.0,0.0
78,0.7204490998439992,0.328732995824637,0.1446410863671806,0.0591807918139444,0.6087461360141573,0.7490474991549875,0.5681073307912765,0.8352633542123382,1334.758439485477,4.377251155803562,3197.2396244075144,0.0,0.0,68.59559142413904,135.1110688166908,0.0,3578.178058774801,0.0,0.0,0.0,14.128006976030605,0.0,0.0,694.4535130096787,0.0,0.0,1725.880712728194,1605.5913438701511,7419.773541787139,1435.8672956985026,0.0,389.86137409767656,5.365662707114044,0.0,7790.004182383984,1966.578779226529,0.0,356.9213038291944,6.448208691882668,0.0,795.5892350944855,2254.3077087429742,0.0,0.0
79,0.924373762346845,0.2293289728823873,0.1320748315933545,0.0455443670750738,0.484019183694354,0.578773925145513,0.4819483794843862,0.6923911574352181,1463.2780671574792,47.27649926790141,2783.12261532458,0.0,0.0,32.160220783127926,100.3728008267542,0.0,3009.126060349798,0.0,0.0,0.0,0.0,0.0,0.0,407.43145133401816,0.0,0.0,2081.5477082522325,2151.958097139453,7969.375630555577,1856.173051620645,0.0,540.3147082250139,60.66897714092648,0.0,8308.45477980839,2247.1457244149237,0.0,390.1964792143827,69.71788295161285,0.0,740.621802592848,2176.760812199652,0.0,0.0
80,1.2702700572610603,0.1270128454086336,0.1433624124077627,0.0950698050225474,0.3697784321210024,0.4304811654345148,0.4648692196733711,0.6573427893414953,406.6469146300582,23.38785594347273,1599.2621650002325,0.0,0.0,3.772234829592376,16.597833250206453,0.0,1689.7995434930033,0.0,0.0,0.0,0.0,0.0,0.0,79.46841374341274,0.0,0.0,2629.2388288334105,2986.0497190517776,8775.920923905065,2462.368158151318,0.0,771.5202752862358,225.17393899642573,0.0,9054.561381483789,2635.163161742693,0.0,431.00950255651816,41.12980005909911,0.0,644.0913573329332,2043.4708952733804,0.0,0.0
81,1.7160589206361418,0.0293502173777222,0.1856404548395197,0.2229529673915844,0.312582086499496,0.3151603393537474,0.4738275796518868,0.6871392404642515,0.0,0.0,1072.122680048038,0.0,0.0,0.0,0.0,0.0,1136.867187193565,0.0,0.0,0.0,0.0,0.0,0.0,0.0,0.0,0.0,3459.112809309164,4094.036013114768,9138.107875243111,2494.8449788766998,0.0,1110.6700213578586,357.25060093550184,0.0,9055.081600963736,2272.589487117533,0.0,269.7164593166442,43.27681204064312,0.0,243.01259593560889,1541.8327700031748,0.0,0.0
82,2.097641526479736,0.0008807855229192,0.2279642760797336,0.3482953678166026,0.2935536845182734,0.3324621136318929,0.5679264013528253,0.8060307392983406,0.0,0.0,962.6298744385774,0.0,0.0,0.0,0.0,0.0,1021.7348293722496,0.0,0.0,0.0,0.0,0.0,0.0,0.0,0.0,0.0,3865.61739853248,4633.2918045756605,9177.769137840887,2405.198845663523,0.0,1286.5753291491349,429.6283589188054,0.0,8903.019737696592,1998.6746006105325,0.0,197.17794056281653,76.20480574124798,0.0,54.253021057911205,1305.7261602353594,0.0,0.0
83,2.46926315528821,-4.297007194509208e-15,0.2826946301486704,0.4841818175680976,0.3124025741038214,0.3818393558995008,0.729261089461795,0.9263418553031584,0.0,0.0,874.0940121748254,0.0,0.0,0.0,0.0,0.0,916.150853865914,0.0,0.0,0.0,0.0,0.0,0.0,0.0,0.0,0.0,3689.427729928724,4442.713040585767,8768.55747453779,2228.828965592098,0.0,1267.9680359274937,500.635203335866,0.0,8609.513431473642,1981.988063967582,0.0,356.65526425521904,114.8512178443504,0.0,285.7180937714823,1589.9435520007958,0.0,0.0
84,2.889320068951497,-4.297007194509208e-15,0.3511693472372083,0.6602954402431799,0.3624785059534894,0.433353162930896,0.9427757897382064,1.0297634458066465,0.0,0.0,661.0055035196409,0.0,0.0,0.0,0.0,0.0,711.1217458088025,0.0,0.0,0.0,0.0,0.0,0.0,0.0,0.0,0.0,3509.930111917613,4258.083100967802,8372.44231983994,1985.756066474347,0.0,1290.547002016254,670.0489066629444,0.0,8441.184648613438,2053.794669861654,0.0,699.087360102984,198.9549776040697,0.0,771.8958426391215,2247.8088574043054,0.0,0.0
85,3.273020444863255,-4.297007194509208e-15,0.3970182066578062,0.8558831577958709,0.4183721203120275,0.4547204671096337,1.1604704697783397,1.0925932777331562,0.0,0.0,611.4843055232817,0.0,0.0,0.0,0.0,0.0,648.5810070385517,0.0,0.0,0.0,0.0,0.0,0.0,0.0,0.0,0.0,3201.578864703692,3459.3013069275244,8083.969367801194,1938.1607748758076,0.0,1235.1702986391683,862.9579163403945,0.0,8410.045994739385,2427.9021717440114,0.0,1084.4617240641535,617.1723207847012,0.0,1340.6166795443391,3004.2489283412974,95.47441240092913,0.0
86,3.43916212566226,-4.297007194509208e-15,0.4300238496537769,0.9713977863049325,0.4810919531154316,0.4685276349250012,1.276353936000001,1.122705198698522,0.0,0.0,559.6706042485712,0.0,0.0,0.0,0.0,0.0,605.3682349402669,0.0,0.0,0.0,0.0,0.0,0.0,0.0,0.0,0.0,2843.521305540228,2472.535835645127,7712.500830439666,1882.995117586232,0.0,1178.863999407813,1124.8095795826073,0.0,8373.640045810562,2904.368682619175,0.0,1576.1611746721833,1160.0498661110337,0.0,2052.922894678652,3955.160389280039,295.1554996242181,0.0
87,3.4554669976345527,-4.297007194509208e-15,0.4441155835383377,1.0127680366843783,0.530135187328107,0.469414235340597,1.3776484738078414,1.1119093715601336,0.0,0.0,501.7173930642094,0.0,0.0,0.0,0.0,0.0,549.391730913641,0.0,0.0,0.0,0.0,0.0,0.0,0.0,0.0,0.0,3200.950949599999,2843.4310418201103,7704.686071271471,1938.625673695515,0.0,1317.5081014543396,1256.2556907856238,0.0,8407.350604218345,2865.1245876069506,0.0,1544.4385163354796,1211.9255857426838,0.0,1880.5004960106628,3758.893739391324,307.6548149980139,0.0
88,3.376540293982577,-4.297007194509208e-15,0.4470992428869799,1.05508305721105,0.5507204586307284,0.4506057408269276,1.4393142016631335,1.0714560494668102,0.0,0.0,448.4536395038559,0.0,0.0,0.0,0.0,0.0,491.49172417465,0.0,0.0,0.0,0.0,0.0,0.0,0.0,0.0,0.0,3512.3520075916103,3142.6749883759503,7705.926796233182,1974.8811530088133,0.0,1449.9125251595697,1376.9543286463174,0.0,8442.969411362403,2828.576490317553,0.0,1523.9484518424006,1265.988935889167,0.0,1738.2053827822551,3603.626345130498,319.5426221870661,0.0
89,3.248850318318173,-4.297007194509208e-15,0.4242353332126241,1.1012652826721103,0.5583695073442378,0.4033441792823903,1.452053406210833,1.028277757807821,0.0,0.0,419.8234404127145,0.0,0.0,0.0,0.0,0.0,456.156048753876,0.0,0.0,0.0,0.0,0.0,0.0,0.0,0.0,0.0,4022.5767488801366,3554.0890542632696,7889.351011104684,2018.2951181834849,0.0,1727.1110723244756,1513.356458073216,0.0,8552.826422555656,2679.1572087817544,0.0,1428.5874085031942,1244.1891258100045,0.0,1468.8734002660074,3228.201099861741,238.38799536714285,0.0
90,3.002655557503258,-4.297007194509208e-15,0.3884795768427897,1.058704762327168,0.559482428662326,0.3559256933956137,1.3635162180167455,0.9656441203718288,0.0,0.0,399.39840906693047,0.0,0.0,0.0,0.0,0.0,428.6826540010223,0.0,0.0,0.0,0.0,0.0,0.0,0.0,0.0,0.0,3782.976855383386,3366.5346430473287,8159.267028962574,2216.642937181183,0.0,1569.7329710374272,1321.157259071595,0.0,8733.375937921634,2790.8314455697387,0.0,1368.9180411410782,1097.7786766683485,0.0,1516.8302471422255,3165.0140891153387,169.8157611252402,0.0
91,2.672152810671387,-4.297007194509208e-15,0.3346333691587447,0.980947076471752,0.5504813102262031,0.3328867431913901,1.2365270785315636,0.8764873047404321,0.0,0.0,333.4878258275982,0.0,0.0,0.0,0.0,0.0,371.2411033354745,0.0,0.0,0.0,0.0,0.0,0.0,0.0,0.0,0.0,3315.548583931068,2936.674441566865,8435.827506118512,2446.976401369903,0.0,1295.9832596271992,1081.8606295564434,0.0,8966.225240264659,3036.187599256662,0.0,1384.4158354542064,1009.7855590597792,0.0,1714.8977320465606,3323.730390451084,162.2194053760704,0.0
92,2.3372176536965674,-4.297007194509208e-15,0.2999581826710951,0.939922155568096,0.5798715649856041,0.3904560167973411,1.0701901647884835,0.851397359233667,0.0,0.0,299.4559546130931,0.0,0.0,0.0,0.0,0.0,346.0597353378838,0.0,0.0,0.0,0.0,0.0,0.0,0.0,0.0,0.0,3231.3869188287954,2891.53253335306,8494.09274099702,2493.6627031840826,0.0,1250.5307562303146,1046.7249528405227,0.0,8995.12722104778,3088.389130416226,0.0,1408.8499623008704,1017.2430814272748,0.0,1763.2633837600686,3387.4836485359933,179.72495284052272,0.0
93,2.017439961969628,-4.297007194509208e-15,0.2763507691381099,0.9010743568960492,0.6330741814883729,0.4757798606112945,0.8994569349767464,0.8771851026122458,0.0,0.0,276.8786778854848,0.0,0.0,0.0,0.0,0.0,332.5955287614878,0.0,0.0,0.0,0.0,0.0,0.0,0.0,0.0,0.0,3336.285921826034,3176.33872284912,8404.899270660999,2442.104454050981,0.0,1338.9004147526382,1151.0655180569895,0.0,8789.145518783169,3044.7993999731007,0.0,1520.1719828565776,1169.4919705082557,0.0,1769.612034500595,3523.397121377949,290.4345660679545,0.0
94,1.699220289199339,-4.297007194509208e-15,0.2528047257373028,0.8418936435291778,0.7487158528213113,0.5736284542695768,0.7567432543832492,0.9580511975766508,0.0,0.0,253.9547514036074,0.0,0.0,0.0,0.0,0.0,325.2032221583808,0.0,0.0,0.0,0.0,0.0,0.0,0.0,0.0,0.0,2853.7344057230825,2812.2733779253363,7003.936006559977,2017.162034401345,0.0,1167.6945984391211,1018.8956052443864,0.0,7263.593595801934,2526.5499983778186,0.0,1331.4530646068822,1059.9506894480078,0.0,1486.6128869668223,3027.222360843937,301.43203019144084,0.0
95,1.3368417406675237,-4.297007194509208e-15,0.2502144570498323,0.7546004146575436,0.8758505042951713,0.7081963419468422,0.724270230340405,1.0763249581886043,0.0,0.0,304.88886849313315,0.0,0.0,0.0,0.0,0.0,405.8688985653448,0.0,0.0,0.0,0.0,0.0,0.0,0.0,0.0,0.0,2269.3609105942296,2201.63672975872,5571.796143765603,1514.6963560588165,0.0,891.6919879264219,781.054135727192,0.0,5749.101193630565,1911.8046275132008,0.0,1014.6311794883254,822.7385821367232,0.0,1158.4020934026291,2411.934666204836,234.185761669742,0.0
96,1.0768186584743102,-4.297007194509208e-15,0.2551823504672353,0.7327904795574962,0.9902193074042566,0.8333090559256356,0.8378991715674006,1.2021612094654726,0.0,0.0,529.2180720802324,0.0,0.0,0.0,0.0,0.0,703.865429397374,0.0,0.0,0.0,0.0,0.0,0.0,0.0,0.0,0.0,2747.874280601791,2500.763897494979,6756.362122906075,1409.99315414412,0.0,904.7483268148434,807.1088213393427,0.0,6832.570145445706,1852.802593255978,0.0,1018.9934303644228,900.5072079599566,0.0,1289.8208454573935,2942.1838754070804,257.3697149281645,0.0
97,0.9029317484366436,-4.297007194509208e-15,0.2771358815347465,0.7407633086861414,1.1366404801350614,0.9269894230003368,0.9922941133611792,1.3534152494693898,97.45936985680872,0.0,363.4995373961336,0.0,0.0,0.0,0.0,0.0,483.39014887654406,0.0,0.0,0.0,0.0,0.0,0.0,268.1916915018121,0.0,0.0,2814.4417064903114,2420.5003824413207,7150.331471088394,1012.1687155394146,0.0,745.7475936667638,620.4417064903117,0.0,7107.13370210804,1420.9184264119983,0.0,770.7073851275958,655.4014979511437,0.0,1071.6435140687934,2812.230469392397,164.1523653333931,0.0
98,0.765237841125482,-4.297007194509208e-15,0.2771623147528733,0.7013415575481647,1.2927705129246123,0.9422121050684884,1.2264934992251506,1.4720995130968573,156.05859909205884,0.0,134.53856037860015,0.0,0.0,69.47746213484416,197.79468885278604,0.0,178.8821903951549,100.39327064460736,0.0,148.59533767595858,249.9858924660422,0.0,380.63011552342857,429.485661239242,160.56274742167338,0.0,2428.346153846154,1945.5384615384612,6476.653846153846,269.84615384615387,0.0,343.65384615384613,120.57692307692308,0.0,6237.461538461538,505.38461538461536,0.0,203.32692307692307,3.980769230769231,0.0,376.6923076923077,1750.8653846153843,0.0,0.0
99,0.63769251559884,-4.297007194509208e-15,0.26469304748671,0.6528203144675991,1.4244376723106342,0.9244721206046506,1.496017878413625,1.519821787176079,505.9027045456132,0.0,1074.427704702549,0.0,0.0,248.6855019292649,693.6204699684025,0.0,1476.83984821856,295.0517633783241,0.0,507.0892227923626,846.0190269241547,0.0,1171.5866505634906,1269.4956869392602,549.6808265383909,0.0,2350.640776224285,1778.3741050415556,6371.797528403248,274.41388407173014,0.0,262.3548828234985,109.4491995949221,0.0,6076.20563107081,411.9220353976568,0.0,65.64218317528652,0.0,0.0,272.6628688054323,1566.8401859494006,0.0,0.0
100,0.511011052724256,-4.297007194509208e-15,0.2572203893621259,0.6190972323521509,1.5076627314750854,0.9051137322081942,1.7499219179645673,1.526755753007751,1207.1470545188945,0.0,2602.32392717864,0.0,0.0,298.8450922105546,815.6612075393032,0.0,3578.181050837501,274.5384090269764,0.0,596.2607501084823,955.9072477407848,0.0,1170.282175708334,3021.7716423725137,645.8032412728242,0.0,2326.6880045513767,1678.371661661028,6449.275200659505,374.631393466187,0.0,254.89886448849063,96.150269506715,0.0,6154.822968022859,520.058662342337,0.0,64.8455507142126,0.0,0.0,273.9935826589899,1562.1001659306485,0.0,0.0
101,0.4053393354862608,-4.297007194509208e-15,0.2509759437580788,0.5593870837946159,1.583526763900032,0.863722584176683,1.9308935548649997,1.5208150564829352,1210.2903484190103,0.0,2609.682357434868,0.0,0.0,295.01116872082486,804.6510258184803,0.0,3588.3122070823392,268.5337916898303,0.0,597.9521738527536,941.7565567291804,0.0,1147.881752595904,3029.502442677074,646.1195009511275,0.0,2327.700862506917,1668.5016034913754,6463.807377446995,390.93397762927833,0.0,257.2462153443536,94.76023517873509,0.0,6171.222103094915,535.9928158039706,0.0,65.91424094474888,0.0,0.0,275.0239130736232,1561.7696935087597,0.0,0.0
102,0.308659983983866,-4.297007194509208e-15,0.2176579966160412,0.4547212908039788,1.6047286912909358,0.7899752030211199,2.0511981238220245,1.5104330590942114,518.5013943215738,0.0,1117.9432635395144,158.8269460088753,0.0,141.1758963361629,368.7703661445926,0.0,1537.211145998186,115.03833751691492,0.0,546.1388486905629,420.83157641149,0.0,491.7277889689808,1297.7998449393986,544.6224007133823,0.0,2384.909597603308,1501.7464074124753,6797.459822617013,746.0197555506855,0.0,330.4934301599052,71.28474341533648,0.0,6542.8040298556,867.3226878197473,0.0,87.57331544651076,0.0,0.0,291.899548546683,1551.6477276192431,0.0,0.0
103,0.2233587897531341,-4.297007194509208e-15,0.176045448239202,0.3539438286041315,1.5803109435471494,0.7258257771244564,2.151031716021467,1.4760459172195266,361.7137990262207,0.0,723.4671811406054,221.669577436934,0.0,227.66033422087543,446.5691571693503,0.0,969.7143906792098,100.82606698444354,0.0,511.9618619405196,406.477350965221,0.0,285.08845786495743,765.6414267946459,477.66082944518377,0.0,2387.9387509646044,1455.3153254522288,6941.958432100825,855.4479785163179,0.0,338.37678292646865,81.78155545896863,0.0,6583.438415323235,960.9154540734248,0.0,56.61159663362668,0.0,0.0,227.1315246191619,1431.234420873378,0.0,0.0
104,0.1583385741008574,-4.297007194509208e-15,0.1371735270897003,0.2722000360151787,1.452049824045561,0.7058258966896049,2.165924920779783,1.3818174074380651,475.5493078444298,0.0,856.2367207238486,254.77189656021787,0.0,278.46952544941433,517.5135393183306,0.0,1101.9904650028034,167.16701557907183,0.0,501.43215198098886,444.4224720076383,0.0,277.2378022975671,771.2874917014054,457.04649535396,0.0,2334.095979844092,1383.7520731824611,6807.795270446212,790.9688160515345,0.0,308.2705975222684,77.71527668628615,0.0,6366.28901160513,885.09065114937,0.0,44.90215986318755,0.0,0.0,194.28819171571536,1284.892574546598,0.0,0.0
105,0.1502418973547178,0.0029496019542507,0.1016406199596212,0.2175586826112873,1.307482232623561,0.7384431272108345,2.043525399617175,1.3160740933692834,1298.3619750625508,627.0896276497019,1941.9554751231085,542.7283120015908,0.0,442.6848329345008,746.7869672174422,0.0,2287.6201934422643,600.6855444422904,0.0,467.3858014062869,567.0857267249617,0.0,350.05280355342285,1124.496070408259,390.4345184189887,0.0,1952.1319937441292,949.1103028427384,5846.648075767838,342.3970265091261,0.0,133.44512932724678,33.64162924216305,0.0,5054.516135009852,383.1407774801903,0.0,19.43738578436087,0.0,0.0,84.10407310540762,556.2082701370957,0.0,0.0
106,0.2040034010909574,0.0423885235915458,0.0949646232618307,0.1715878423458823,1.1833592321762674,0.8106309327278874,1.8366444330663827,1.3020165997836155,3149.552641018588,2564.886294352898,4286.40526088219,1184.691354662097,0.0,723.3473271812646,1082.0993509422851,0.0,4885.461311689484,1468.2396862104522,0.0,419.6475189754093,728.2271359995972,0.0,590.6312485452729,2055.908168592789,316.4336181124076,0.0,603.4003991783584,224.32377044819737,4404.09332231252,0.0,0.0,0.0,0.0,0.0,3455.48140385511,0.0,0.0,0.0,0.0,0.0,0.0,0.0,0.0,0.0
107,0.3387254891465809,0.1174897196300289,0.1045077035800654,0.1786404588566025,1.0936950348247176,0.9344379326758794,1.6078457578198004,1.3859583142796028,3347.435982028121,2428.633890518811,5102.547786252818,1428.7217721340598,0.0,883.7064103156077,1183.8734564802965,0.0,5933.371659989345,2033.339502151577,0.0,635.2576754308429,946.0845269818836,0.0,1283.018482998705,3060.5720809905906,573.8087765792047,0.0,0.0,0.0,3698.226190379384,0.0,0.0,0.0,0.0,0.0,2938.365714609452,0.0,0.0,0.0,0.0,0.0,0.0,0.0,0.0,0.0
108,0.5378837624683085,0.2072796525257099,0.1688945402296336,0.2627333756611206,1.101783285041861,1.1264312183059124,1.413181313775149,1.5432836719598686,1962.9587532881171,1291.9598162922111,3921.9918982111535,1093.574634076019,0.0,636.6284279367063,874.8307696141673,0.0,4707.005671632163,1803.5903204730923,0.0,685.8211823129145,884.2063645291065,0.0,1459.1412448696854,2886.226760481682,643.6343413434763,0.0,0.0,0.0,3273.798253747771,0.0,0.0,0.0,0.0,0.0,2677.485967646565,0.0,0.0,0.0,0.0,0.0,0.0,0.0,0.0,0.0
109,0.7904942250197331,0.3290310127534028,0.2944611827665596,0.3592600575548078,1.2109784919753204,1.381138901823039,1.265865180220489,1.772330849366602,879.0340109157084,561.093877711287,1674.381253234331,425.9081883142681,0.0,296.18070597309685,422.37912602092814,0.0,2039.9768601476983,746.3571669633408,0.0,341.6475622657551,431.5718226319744,0.0,673.2546146330544,1354.008094969474,316.6554256233809,0.0,0.0,0.0,3043.2255519907285,0.0,0.0,0.0,0.0,0.0,2489.558615342832,0.0,0.0,0.0,0.0,0.0,0.0,0.0,0.0,0.0
110,1.0656683073281097,0.4619788617408601,0.4995083203439193,0.4554490906596586,1.4228045184175415,1.627530026548306,1.1712598279367448,2.047118397466845,2272.6142612555063,1318.2501575370347,3981.903875327278,704.2377528006531,0.0,868.6136029107172,1384.1528448163567,0.0,5164.492633027329,1674.2348468919988,0.0,1245.0566055695149,1482.9759100289948,0.0,2122.658973830763,4334.170256221242,1133.0664265398848,0.0,0.0,0.0,2757.698967539325,0.0,0.0,0.0,0.0,0.0,2213.678270524151,0.0,0.0,0.0,0.0,0.0,0.0,0.0,0.0,0.0
111,1.3230425624590172,0.5918497752606925,0.7442430306919788,0.5512961588172666,1.6674081921060415,1.836455185720794,1.1540149340665826,2.295696356396505,1795.0676663477611,1044.210971104092,4124.41372112529,869.8257111703269,0.0,752.8933901244756,1304.1236244369968,0.0,5521.516831218796,2070.576276483663,0.0,1334.7702204198947,1513.4263766678107,0.0,2497.626940876339,4721.339901844037,1242.5911052324657,0.0,0.0,0.0,2654.5556203600577,0.0,0.0,0.0,0.0,0.0,2119.491746907805,0.0,0.0,0.0,0.0,0.0,0.0,0.0,0.0,0.0
112,1.568659611507497,0.6870652618214091,1.00577751922354,0.6470211255499262,1.901274535197235,1.9783280319753187,1.1865270915112904,2.460452104157574,1328.3893762678667,788.3597952243725,4207.04229865439,1043.9682567017844,0.0,638.6511590012714,1206.8936170878358,0.0,5772.521216449836,2440.846214916652,0.0,1384.0425082396596,1511.9625994703265,0.0,2780.9019930551517,4956.598755030805,1309.2814238958892,0.0,0.0,0.0,2534.0878423221934,0.0,0.0,0.0,0.0,0.0,2009.0593215332624,0.0,0.0,0.0,0.0,0.0,0.0,0.0,0.0,0.0
113,1.7599997357635628,0.7582769974116434,1.3705046715348823,0.7575880781051755,2.1481911094124,2.120411706557763,1.259576307779102,2.552908542593874,1313.4523735581895,857.3581452367737,4400.081940376951,1305.494308866419,0.0,668.99774705217,1208.8223058392985,0.0,5975.10367689484,2772.6236843791585,0.0,1341.572200549673,1508.6147217341702,0.0,2719.698600570274,4798.082632885425,1251.5791659755464,0.0,0.0,0.0,2419.7229399416487,0.0,0.0,0.0,0.0,0.0,1904.3023088495192,0.0,0.0,0.0,0.0,0.0,0.0,0.0,0.0,0.0
114,1.862725214010805,0.8169844350049783,1.756223284627073,0.8185552887757398,2.393971193671097,2.2252696155124574,1.3505071573355476,2.6798014051345547,1270.850775759183,866.4029075164295,4365.022533560721,1390.5854186262386,0.0,664.655096634522,1175.635773739218,0.0,5898.903167490586,2848.1049660306603,0.0,1275.6077566666563,1455.441428716813,0.0,2596.8727668590004,4585.63108186873,1181.4979075626884,0.0,0.0,0.0,2360.843628782809,0.0,0.0,0.0,0.0,0.0,1850.36442455661,0.0,0.0,0.0,0.0,0.0,0.0,0.0,0.0,0.0
115,1.9039841112100144,0.8381995921755786,2.090380237039934,0.8394036931151405,2.5454508443508885,2.239871175556655,1.411592578768358,2.7849974781172007,1105.715212817684,753.82043424037,3797.846343289813,1209.8985801932995,0.0,578.2980607130413,1022.8828226444244,0.0,5132.407812470234,2478.02841574422,0.0,1075.7045064527451,1227.356054842358,0.0,2189.911219491454,3989.790897429092,996.3428153265749,0.0,0.0,0.0,2344.883493466242,0.0,0.0,0.0,0.0,0.0,1835.7330836717056,0.0,0.0,0.0,0.0,0.0,0.0,0.0,0.0,0.0
116,1.9057351382553775,0.8169155496794274,2.3766233423130445,0.8420342021969457,2.6864443789912884,2.222016782731272,1.4781714232357532,2.8977656516622603,2794.4726890433194,1776.5287399847782,1937.3795605928697,449.5491455599175,0.0,850.2704396788546,851.9624082873913,0.0,2051.4124903909096,451.4122414507154,0.0,0.5477825021179651,0.6250082310505879,0.0,1.1151715364519748,610.6749957696436,0.5073690377542566,0.0,0.0,0.0,2022.1282975030704,0.0,0.0,0.0,0.0,0.0,1560.856069245615,0.0,0.0,0.0,0.0,0.0,0.0,0.0,0.0,0.0
117,1.839817820843465,0.7629979627375366,2.633772187741258,0.8145659452366548,2.783328659270668,2.196242270213796,1.6040955714324796,2.9623151970240382,8171.870088172351,5178.734589032902,4416.088450683124,890.8438918474991,0.0,2386.452458528815,2209.527156318786,0.0,4220.870128802285,375.0537144464624,0.0,0.0,0.0,0.0,0.0,245.37575843611452,0.0,0.0,0.0,0.0,1238.7625232164503,0.0,0.0,0.0,0.0,0.0,952.992088821368,0.0,0.0,0.0,0.0,0.0,0.0,0.0,0.0,0.0
118,1.7051302598366251,0.6931143126237991,2.814025745067813,0.7529162668844953,2.8144911808293944,2.1659436102200478,1.7169329762087158,2.969560331791284,10344.905476744245,6630.457394711088,5352.057330968142,1069.5725481235384,0.0,3000.485713628969,2761.6996727300784,0.0,5053.677645007906,342.5997655334412,0.0,0.0,0.0,0.0,0.0,105.20865606203444,0.0,0.0,0.0,0.0,1151.9109262308164,0.0,0.0,0.0,0.0,0.0,894.9227810186853,0.0,0.0,0.0,0.0,0.0,0.0,0.0,0.0,0.0
119,1.533264730200894,0.5859420576749805,2.843413373335401,0.6659878511234796,2.7735136015610413,2.058235004133736,1.7601483076069837,2.920864617201672,10716.875076516411,6971.828350799693,5247.277059470172,985.321852828812,0.0,3123.8125272471057,2877.7899663547264,0.0,4939.637830368141,247.0273119105625,0.0,0.0,0.0762126540192367,0.0,0.0,102.36109932408786,0.0,0.0,0.0,0.0,1531.8092550742313,0.0,0.0,0.0,0.0,0.0,1199.2547179685068,0.0,0.0,0.0,0.0,0.0,0.0,0.0,0.0,0.0
120,1.3756223954267857,0.4679570294252461,2.745588988626116,0.5742141235829187,2.665300252864557,1.9150613631627889,1.770613347721441,2.782376651539234,10917.938574368538,7218.159745348013,4838.855055570987,761.7123852492315,0.0,3221.7673258384684,2963.0033271297098,0.0,4506.588077122138,157.94329744139046,0.0,0.0,20.38476754138853,0.0,0.0,93.25830572168616,0.0,0.0,13.698256057577094,0.0,1837.1396337066412,0.0,0.0,0.0,0.0,0.0,1443.676547303049,0.0,0.0,0.0,0.0,0.0,0.0,13.880899471678122,0.0,0.0
121,1.2308652809212848,0.4002153006403113,2.5762853159463037,0.4810272138867625,2.591044372208829,1.8327246067595089,1.797931521983049,2.6968114506610634,7755.765602990237,5084.929001255684,3728.388736107592,535.4166902810035,0.0,2227.168420018989,2075.392060868964,0.0,3510.253541021744,176.7427504960998,0.0,0.0,15.135658241107338,0.0,0.0,142.52986904599533,0.0,0.0,353.8988353860576,173.50101968783815,2541.663602203014,0.0,0.0,43.45633016480432,0.0,0.0,2059.0936993409277,0.0,0.0,36.32170879446331,0.0,0.0,0.0,500.50997153529,0.0,0.0
122,1.0802481712484655,0.3887337517449591,2.3602299025311373,0.3894984906119935,2.5050287099843107,1.7739718441569237,1.8395191799236577,2.6434369286197805,6103.722559339217,3815.997500396812,4070.994482910095,516.5046662883293,0.0,1544.0273628841016,1527.6878212786082,0.0,3963.392594138221,196.49793973366863,0.0,0.0,0.0,0.0,0.0,353.2695352504017,0.0,0.0,961.1713139136097,554.1573240674231,3007.8868778799365,0.0,0.0,153.15732406742313,0.0,0.0,2622.642904055655,0.0,0.0,138.58904461082005,0.0,0.0,0.0,1446.4355564920809,0.0,0.0
123,0.9791923510685152,0.4005700388699261,2.0199908697416142,0.2804977664038023,2.376880210619696,1.6771088864812895,1.8432582790963457,2.60360762933242,4389.840860711794,2422.0329844648245,4303.484923648745,469.04032573271263,0.0,845.4196134121927,984.8884240909248,0.0,4314.55273318609,214.4786704374204,0.0,0.0,0.0,0.0,0.0,591.7968808228577,0.0,0.0,1133.7150496297052,680.4688875095082,3778.5325353190055,0.0,0.0,279.4688875095083,0.0,0.0,3589.476843809153,0.0,0.0,313.89039330671216,0.0,0.0,0.0,1851.4847404486757,0.0,0.0
124,0.9775758380508576,0.4245674245990249,1.635134999448759,0.1920925243255722,2.2542394989675447,1.5773058267055993,1.81686281933836,2.6246259723105063,2095.786538021799,153.8788220029576,3947.1178060817856,287.9993024548712,0.0,5.703524714816323,358.9730538166135,0.0,4185.010238369361,230.0994532856336,0.0,0.0,0.0,0.0,0.0,938.7547701764962,0.0,0.0,1356.9438609763902,836.1637094442752,4796.838532480242,23.972506873228443,0.0,442.1478256199402,190.1635908794132,0.0,4874.181785676591,356.6084239793228,0.0,545.1080842691035,272.4271777189046,0.0,563.2562966129028,2385.7322165368228,0.0,0.0
125,1.012551491270342,0.4774174799174803,1.3009925113299845,0.1256782115342563,2.1890643238155,1.5257659998167357,1.8059791561483436,2.648389223198028,2037.072113914373,93.80372228487865,3965.647835540132,312.82404922725624,0.0,0.0,312.60775270236513,0.0,4208.309661779465,241.31375429887743,0.0,0.0,0.0,0.0,0.0,898.6574708055406,0.0,0.0,1385.633924907788,787.7762832583865,5134.670133203666,233.12600939240303,0.0,457.62534855199925,273.9316046062481,0.0,5356.767088363996,870.0457711267836,0.0,614.383049710307,414.7882128690642,0.0,957.4435459478904,2548.494781533547,0.0,0.0
126,1.0534819840685463,0.5367516674131796,0.9884382803636974,0.0737293872390188,2.097076355584544,1.4653741454205278,1.7911562731925157,2.617475088967309,2043.29342392209,93.63145153211843,4001.2785785165256,330.13892334881933,0.0,0.0,298.2731976603257,0.0,4221.679906901548,250.383793518512,0.0,0.0,0.0,0.0,0.0,881.6981735869438,0.0,0.0,1356.4823565514405,731.1588574527462,5285.2037449204645,319.1355597976777,0.0,442.778819078724,244.75445007245315,0.0,5538.135572449301,983.4472320457296,0.0,608.39629139515,394.9627867673677,0.0,1005.02973006119,2556.3897479819398,0.0,0.0
127,1.1063230815068164,0.5445253576223428,0.6861729150665103,0.0439811599335454,1.9168161683346665,1.346373351972065,1.6975086733481592,2.439245756859455,2053.5896322730914,93.3001442501103,4060.1990403940567,358.81472257113666,0.0,0.0,274.6200942488082,0.0,4243.779585148686,265.3263415601552,0.0,0.0,0.0,0.0,0.0,853.6341089456671,0.0,0.0,1362.513707945923,798.1869543829158,5689.832926185158,444.53711017689,0.0,373.0236148222558,84.5101287418073,0.0,5898.905283669798,1004.4846979166769,0.0,448.176979265117,208.4624227550044,0.0,698.6741785575175,2191.3196345518422,0.0,0.0
128,1.2119822718004014,0.5244039549735499,0.4614269206293667,0.0198280692884957,1.7063410856890335,1.2338831679261122,1.5416354595611983,2.235060951959605,2060.829176958528,93.05788861443924,4101.61183651,378.9795840983177,0.0,0.0,257.97842084177574,0.0,4259.33996653764,275.8450705130607,0.0,0.0,0.0,0.0,0.0,833.9046386728038,0.0,0.0,1421.2277890883945,956.6445719504768,6033.649989902568,607.9656552384649,0.0,365.764035922575,4.569874984432454,0.0,6263.2164744013735,1099.7131343531469,0.0,360.8573301221687,112.0360207799912,0.0,586.5801653555366,2010.6228040203248,0.0,0.0
129,1.338171541536108,0.5139245240865091,0.3362439024741989,0.0176126697001739,1.5339198315226792,1.162485621873214,1.359448760168692,2.1180492877214765,2063.0,93.0,4114.0,385.0,0.0,0.0,253.0,0.0,4264.0,279.0,0.0,0.0,0.0,0.0,0.0,828.0,0.0,0.0,1449.2377166923964,1019.3324527998712,6210.875147136732,710.2108440418953,0.0,390.0999753414847,3.408661299178016,0.0,6471.1684166448495,1216.4707966556891,0.0,396.7406498911121,83.50754526930398,0.0,641.8842576394552,2063.465142530773,0.0,0.0
130,1.447252006165303,0.577278723031523,0.293133101699367,0.0332592818422851,1.3954111379133525,1.1321912026363827,1.207451937062041,2.0819582119368136,2235.4050313761268,176.1262128010675,2630.968482214033,39.285714285714285,0.0,14.7032132543559,612.2657892874819,0.0,2780.3913878109515,28.46938775510204,0.0,0.0,253.6630262654007,0.0,0.0,817.0941844501682,0.0,0.0,1478.0463436839775,1060.6892610348473,6736.490257812735,1125.196016052829,0.0,496.02177176080096,133.4990417371633,0.0,7219.103589977006,1851.0168490235308,0.0,700.5851202019679,247.22463361340803,0.0,1113.1976580648388,2590.111709885148,40.35242672109226,0.0
131,1.6846630029263492,0.638928550242834,0.2949999467475684,0.0653555310471919,1.2112356289262205,1.115016052923964,1.0353385285578895,2.018946580717111,1364.0675250623074,0.0,1828.5482772495732,0.0,0.0,0.0,283.6040863056156,0.0,1914.3025742094292,0.0,0.0,0.0,108.53983549968004,0.0,0.0,278.6022505683032,0.0,0.0,1408.3882104706854,860.8576899087236,7383.751927874909,1813.8851167512016,0.0,673.8244522519778,513.2390722869264,0.0,8319.21005897368,3110.745772664269,0.0,1392.330523289067,878.9292168537285,0.0,2195.553087207783,3852.667232410367,450.7174621717525,0.0
132,2.092801425249172,0.6799488343232309,0.3425387230377148,0.1456206822552184,1.0834697364213397,1.1274200804956027,0.8209131401039673,1.966358786293536,426.37448842489306,0.0,1287.8530329398702,0.0,0.0,0.0,0.0,0.0,1241.8189877519044,0.0,0.0,0.0,0.0,0.0,0.0,0.0,0.0,0.0,1673.6268141666455,1546.1431933507454,8333.637880972487,2325.139497779217,0.0,810.6767091754137,644.7450500586352,0.0,9151.605327337607,3553.002446317127,0.0,1450.2187929973743,1025.4179309831266,0.0,2144.5479085063885,3849.138003374517,360.2072763079128,0.0
133,2.5594529178465746,0.7210138497607915,0.4134151906010245,0.2805150272509724,1.0233456949109014,1.139865048679553,0.6383161723455154,1.963082687732715,0.0,0.0,982.6462619344244,0.0,0.0,0.0,0.0,0.0,898.7917898788763,0.0,0.0,0.0,0.0,0.0,0.0,0.0,0.0,0.0,2271.6883189928667,2738.452046177453,8591.393007031664,2225.8869054178667,0.0,899.9664403058429,586.0974563819758,0.0,9093.865699460486,2700.352000264422,0.0,919.2661879065872,654.6376193442438,0.0,1003.4465740219092,2558.106449614733,58.296078436931246,0.0
134,3.0288195166963487,0.7621664432890302,0.4946490343566755,0.5198376900151405,0.9823415745360786,1.113158685257941,0.525791056262592,1.8988281925570825,0.0,0.0,969.3566794173686,0.0,0.0,0.0,0.0,0.0,884.8264248846417,0.0,0.0,0.0,0.0,0.0,0.0,0.0,0.0,0.0,2554.69152846261,3090.301951257654,8627.823699659986,2177.9063601080284,0.0,981.048815606411,615.227542871307,0.0,8975.046674054778,2467.537371939475,0.0,809.0089388070024,550.6355778660832,0.0,782.8177562520124,2304.353036424103,50.08848268957811,0.0
135,3.5638034583167246,0.8053491230697607,0.5987363926755236,0.94466983829235,0.9288002988460676,1.132351891209302,0.4711461985404213,1.754598000294579,0.0,0.0,860.5632350485275,0.0,0.0,0.0,0.0,0.0,768.5397716171591,0.0,0.0,0.0,0.0,0.0,0.0,0.0,0.0,0.0,3979.3841333211753,4171.050372865238,8371.956822913615,1934.2167804463115,0.0,1695.2670226998157,1043.2400470962714,0.0,8440.558903702296,1889.8150904845768,0.0,670.2879062919177,371.6126821182227,0.0,343.1074351423653,1609.7560509896618,27.684865906015894,0.0
136,4.077863112408053,0.7773404195129895,0.6667416221754906,1.451599044044549,0.883171140961499,1.2278277759890557,0.4259500670056683,1.572551695539578,0.0,0.0,810.5528935388934,0.0,0.0,0.0,0.0,0.0,715.6558977692767,0.0,0.0,0.0,0.0,0.0,0.0,0.0,0.0,0.0,3386.4686109481195,3266.197226827468,7670.080592767989,1639.7307446539364,0.0,1517.5426605298992,1195.694075209075,0.0,8068.290151707914,2231.290406938299,0.0,1176.4639897470252,769.1612472241632,0.0,1228.8161116666606,2573.400555900898,16.030065882044216,0.0
137,4.422648380177845,0.7523009245926283,0.7096511351387544,1.955861222728768,0.8764670647947941,1.316789617509862,0.4202372391237723,1.4749322734680177,0.0,0.0,744.3446674640822,0.0,0.0,0.0,0.0,0.0,659.3983344441491,0.0,0.0,0.0,0.0,0.0,0.0,0.0,0.0,0.0,1892.575174230752,1714.997007892523,4813.868297189987,970.3119034535804,0.0,874.7744304969236,839.8155180761376,0.0,5237.906249734391,1658.2451760066797,0.0,1030.2568545538086,715.5759649646099,0.0,1243.0965195850677,2209.973889495948,28.626875199615245,0.0
138,4.559788299135948,0.7517308453809907,0.7335492422591333,2.4371584467859044,0.8636948773451135,1.4274619498668455,0.4798464231540207,1.4084826646604665,0.0,0.0,699.0560080811248,0.0,0.0,0.0,0.0,0.0,629.1169037047152,0.0,0.0,0.0,0.0,0.0,0.0,0.0,0.0,0.0,1892.5917741537144,1670.9670517991526,4622.52480679729,909.3717906452412,0.0,913.6836570505932,986.3832989255284,0.0,5148.525280341801,1623.1047128624182,0.0,1286.7659103796602,992.0847729728398,0.0,1414.447147017141,2561.045397951706,320.8898733516225,0.0
139,4.566367432084169,0.7520363908349889,0.7463799901971174,2.886597167277953,0.8094627899468426,1.5721652294551494,0.5815684058582513,1.274488481842749,0.0,0.0,665.2842162754231,0.0,0.0,0.0,0.0,0.0,591.6790487067789,0.0,0.0,0.0,0.0,0.0,0.0,0.0,0.0,0.0,2372.1232832950195,2047.5099919329264,5590.224426996358,1074.977127174881,0.0,1186.5623848963426,1392.1756682812045,0.0,6357.970565937935,1996.9911789643677,0.0,1885.5395300658504,1537.487870333872,0.0,1955.000038029418,3583.2473018616406,712.9786316671739,0.0
140,4.504821759010877,0.6863600361881566,0.6981936036578043,3.1846435019700947,0.7689999052361824,1.709013041589551,0.6513000289779528,1.1467584156704953,0.0,0.0,586.3916972982681,0.0,0.0,0.0,0.0,0.0,526.2130811101025,0.0,0.0,0.0,0.0,0.0,0.0,0.0,0.0,0.0,2586.422057504736,2212.088812920223,6750.868590597014,1382.2850535658563,0.0,1257.6371730139094,1557.8440671886465,0.0,7582.311937383496,2523.635506671374,0.0,2379.8747266175,1898.1658204834036,0.0,2501.6165000863616,4546.505533232532,1048.821892394366,0.0
141,4.338851121356506,0.5792597583787351,0.620795844989009,3.3156198853999475,0.7089566276741628,1.7523102572859717,0.6861871021349348,1.026848980752622,0.0,0.0,549.6118246759708,0.0,0.0,0.0,0.0,0.0,533.2956294647299,0.0,0.0,0.0,0.0,0.0,0.0,0.0,0.0,0.0,2406.185510133149,1974.1556251667143,6923.533968068075,1523.184727680573,0.0,1146.6477511186908,1428.4106520510877,0.0,7676.928979459266,2694.226569796672,0.0,2323.237820404537,1828.2812431357088,0.0,2555.606615544391,4535.766630763138,1029.0231466418868,0.0
142,4.042238444428508,0.4620686444252449,0.5317227099269084,3.3456314431630347,0.6251362234752074,1.7508923804327712,0.7329093716201339,0.9181584023762328,0.0,0.0,475.5638080285784,0.0,0.0,0.0,0.0,0.0,445.0362769666484,0.0,0.0,0.0,0.0,0.0,0.0,0.0,0.0,0.0,2086.497552538712,1698.055478804085,7320.325926835347,1866.4103636334828,0.0,989.321733019671,1232.3869065088652,0.0,7980.333205340382,3109.9461583613665,0.0,2175.032700800388,1725.6144940472732,0.0,2682.0880461794245,4528.951822839313,959.610668987494,0.0
143,3.6422733503990607,0.3459936363189317,0.4386461848833267,3.267831410769581,0.563509753313269,1.913688474639046,0.7693220457103772,0.8866565793863611,0.0,0.0,258.0747754409424,0.0,0.0,0.0,0.0,0.0,238.6446826110046,0.0,0.0,0.0,0.0,0.0,0.0,0.0,0.0,0.0,1951.9744749254448,1621.31197656554,7582.199408127913,2015.5634468593228,0.0,906.02721909379,1128.3815227668283,0.0,8218.97479987545,3336.8695388729184,0.0,2059.2317380050554,1645.8404762800335,0.0,2724.6966508101345,4506.268766897148,894.9886298005949,0.0
144,3.21134984557109,0.2343767982482847,0.3347408115723067,3.06136055051162,0.5086741449950496,2.084014102609536,0.7394503230787186,0.8753755581878114,0.0,0.0,324.12901130232405,0.0,0.0,0.0,0.0,0.0,306.6005222510914,0.0,0.0,0.0,0.0,0.0,0.0,0.0,0.0,0.0,1789.3690791136537,1444.7769164311903,7879.164979624057,2161.373356159004,0.0,809.659335486997,991.4513375289235,0.0,8525.688076688959,3518.835065122264,0.0,2022.1463587245096,1554.4910857292978,0.0,2824.397518582095,4587.41675675654,837.1254386039585,0.0
145,2.7457669848377524,0.1238210297940159,0.2276891733728358,2.7208125928960523,0.4820273301210914,2.1749650377376133,0.6728822873027351,0.9117502537910388,0.0,0.0,447.7902543142549,0.0,0.0,0.0,0.0,0.0,423.2326521379068,0.0,0.0,0.0,0.0,0.0,0.0,0.0,0.0,0.0,1825.037146659439,1472.5262028825616,7980.447764645557,2240.036335845502,0.0,852.9839849757196,1086.80772635854,0.0,8673.404925031215,3614.448557869017,0.0,2076.893782049786,1655.496072887844,0.0,2840.4811605931595,4763.606245569715,856.4880878574604,0.0
146,2.270258647168901,0.0799364562601953,0.1590268136818575,2.310585569478528,0.4459296220839848,2.20815354271814,0.6076157494556831,0.9964720840951514,0.0,0.0,426.4904538409365,0.0,0.0,0.0,0.0,0.0,397.4527487764086,0.0,0.0,0.0,0.0,0.0,0.0,0.0,0.0,0.0,1801.2950527553403,1291.985511597013,7983.980918904887,2235.181625566872,0.0,808.1540633064085,959.1766777114412,0.0,8738.695406697103,3537.602119985952,0.0,1822.8229671252536,1411.681977676322,0.0,2581.0547693576214,4442.971023194027,699.5685504878534,0.0
147,1.8602077235522407,0.079834103999996,0.1108772614029402,1.8666902821541709,0.4434124716515001,2.2766814227071683,0.5352671843948745,1.0883486586952356,0.0,0.0,289.97384908563856,0.0,0.0,0.0,0.0,0.0,274.8673075630914,0.0,0.0,0.0,0.0,0.0,0.0,0.0,0.0,0.0,1758.3461782763468,1162.8744406917458,8003.308517095894,2243.965701173419,0.0,756.2051176716177,836.5906383053522,0.0,8779.776084798277,3497.862738573436,0.0,1642.7183156148358,1224.6894310231155,0.0,2418.3662862793344,4184.821715039113,575.4282253449937,0.0
148,1.5562469410625788,0.0798330617744892,0.0672365225780704,1.4510655597249902,0.4621324219022293,2.273173325271409,0.4277837454438954,1.1513682023920289,7.477666670653589,0.0,1243.933998970109,6.661214330530232,0.0,0.0,0.0,0.0,1394.3482950448154,12.791086661932566,0.0,0.0,0.0,0.0,2.864062970908914,13.89264934305138,0.0,0.0,1552.6298014678462,797.0137173413865,7515.836389753124,1678.4937555816325,0.0,511.7193879977431,509.5514704521236,0.0,8099.439931216614,2709.57688851068,0.0,1121.838520536873,763.8333509028442,0.0,1866.8679784675608,3448.6584318467926,295.77596036730773,0.0
149,1.3402504571814438,0.0760927733705557,0.0281114210171198,1.0752867072979706,0.4577757553853812,2.088150403409148,0.356578726514952,1.1406352273792493,284.7434490219335,0.0,3008.391398697197,253.65360970064785,0.0,0.0,0.0,0.0,3426.059086166366,487.0741493668082,0.0,0.0,0.0,0.0,109.06118238101786,529.020757974892,0.0,0.0,983.2972293609398,324.044309190141,5312.065854633694,850.6857251520591,0.0,205.60020588010653,138.56835347423572,0.0,5574.284661513614,1433.9950910650953,0.0,473.0259140704333,274.88465822460216,0.0,987.7525290721304,2058.25465873969,17.221356556766487,0.0
150,1.163612661199921,0.0634269361993316,0.0181194830009744,0.7961785677607867,0.4555893838968139,1.8761593448676928,0.3692841271049453,1.130136204546416,528.849483596967,0.0,4054.157148258498,557.9906967606228,0.0,0.0,0.0,0.0,4616.820221016384,1043.9303602989123,0.0,0.0,0.0,0.0,227.61873469249844,1065.8000157748584,0.0,0.0,358.9314188256358,115.55701288581108,1944.8923338870943,305.95101187617024,0.0,72.55991651313003,48.52479167320018,0.0,2038.1814480882144,516.6447652470523,0.0,166.989198090645,96.08507973361868,0.0,352.2247125315601,742.9955061013981,0.0,0.0
151,0.9771217026179394,0.0499002275481687,0.0221384331029874,0.6613398830666323,0.494477916215751,1.7638325013828386,0.4910797570904839,1.1190594051616214,209.96265939294767,0.0,4422.19698922937,826.1687919059691,0.0,0.0,0.0,0.0,4992.601825337446,1556.32729761783,0.0,0.0,0.0,0.0,329.2107041548473,1078.6018253374457,0.0,0.0,553.8897231357731,104.03986963285122,3162.1906223030805,347.9749503452954,0.0,44.09655000726654,18.388263906457176,0.0,3240.1219201075087,611.1545148551446,0.0,102.28164964860436,31.41301123712432,0.0,316.60558698409795,918.719464733946,0.0,0.0
152,0.7697333472679457,0.0370365928504942,0.0251557329533413,0.5940562097801462,0.533059906082045,1.6876406238858874,0.677188260621408,1.0831051417743782,215.11545184468773,0.0,4443.728253168694,894.9337655608272,0.0,0.0,0.0,0.0,5107.189609268045,1646.5620187295217,0.0,0.0,0.0,0.0,413.863343989862,1193.1896092680452,0.0,0.0,1129.4231634781022,219.2748257690997,6374.543653573235,676.75981948824,0.0,89.33619901516623,35.15937963998376,0.0,6518.067274046309,1199.3673197708838,0.0,199.55827144598533,55.86423511751822,0.0,622.4441391460664,1848.146109889862,0.0,0.0
153,0.5674397444252479,0.0241729581528198,0.0252890639999974,0.5575366933414032,0.5952851680734803,1.5344381627008028,0.9205687218995514,1.036313283212822,237.06392655156796,0.0,4450.532413743416,943.976936540902,0.0,0.0,0.0,0.0,5184.907730497766,1714.155106560302,0.0,0.0,0.0,0.0,495.80389519111327,1301.038778098747,0.0,0.0,1215.479556653728,277.55647297820406,6631.633083996474,690.4998907303317,0.0,117.11457473014674,50.998043417256255,0.0,6771.079238964016,1239.663609936971,0.0,244.1718620952201,78.90194533134446,0.0,688.912503252035,2003.5431497136,0.0,0.0
154,0.3579410806339644,0.0106492535634121,0.0252890639999974,0.5003850644885596,0.6615427056877069,1.4366142025796382,1.2622395456548774,0.9833567942990052,385.21832125846487,0.0,4387.992743706469,910.1641221828738,0.0,0.0,0.0,0.0,5113.289435385038,1661.2524063531944,0.0,0.0,0.0,0.0,565.8567755145966,1380.5745087049293,0.0,0.0,1245.819786768477,326.43580542259286,6567.906992872205,670.9554118918916,0.0,141.46210618731627,65.78393810029773,0.0,6696.208608115916,1220.9155202265265,0.0,280.6972581643513,100.37159533979164,0.0,726.637420666304,2069.535002688645,0.0,0.0
155,0.1868136544258526,0.0010805372274197,0.025393411098155,0.4359371657468966,0.724610155463303,1.3944647046976764,1.5921638169531869,0.9356511318692252,1436.4133364581064,140.7382806577876,4035.904805771409,568.6233604997361,0.0,0.0,14.414162457127606,0.0,4559.87212054638,915.2395228397836,0.0,0.0,0.0,0.0,490.2196157814944,1237.4971287513797,0.0,0.0,1290.4842768047802,398.4889935050962,6473.937729650279,642.0873741605627,0.0,177.3319551641702,87.58075492632635,0.0,6585.795892661345,1193.2427023711473,0.0,334.53418387036487,132.04836543736215,0.0,782.2671761862417,2166.855654382859,0.0,0.0
156,0.0643687130204062,0.0012754907043149,0.0302955959430443,0.3704740972240068,0.824680270172519,1.3552631930396315,1.886658219702656,0.907382580868534,2910.7791165356853,1537.4723572447454,4189.087693110878,545.5343729485347,0.0,111.65700692044588,394.451554965138,0.0,4549.889151695626,214.8186948593861,0.0,0.0,163.06500088004708,0.0,326.9501945920443,1277.7315096702391,0.0,0.0,1222.8165974212336,366.8885499308929,6100.744320904169,235.83305854389795,0.0,72.63700740556656,36.581689100166,0.0,6093.0517534318615,983.1555469976212,0.0,134.64791790511407,54.951042398476496,0.0,679.5608636252695,1879.075513286676,0.0,0.0
157,0.0156879525742246,0.0409017135695011,0.0495699261129541,0.3161849614086285,0.9655691147641188,1.3231131785455503,2.13539201570694,0.9068012539346036,3564.931046237765,2535.946873192877,5161.179808393327,1278.184635075771,0.0,283.8991308223224,756.5093731461149,0.0,5544.994272020669,831.4165512184192,0.0,0.1352615773668405,409.6042073878753,0.0,186.9927419036716,1665.843983331675,14.860969675476571,0.0,807.4596071155831,121.25520860451331,4925.321706435746,0.0,0.0,0.0,0.0,0.0,4528.8730137378925,319.4427618454024,0.0,0.0,0.0,0.0,222.66273995086385,692.4286732722186,0.0,0.0
158,0.0485072041807751,0.1304621933229426,0.078479425024857,0.2591019344884781,1.2037770620978343,1.372760557341049,2.472192743190285,1.0215859687567874,4295.143721686335,3042.859934878568,5698.167656375686,1814.648589590048,0.0,607.2159909127158,1028.60076803504,0.0,6054.015045793816,1625.6332464537911,0.0,118.64425641243012,592.9795893263882,0.0,289.782320186407,1907.71118558138,188.17207459153772,0.0,0.0,0.0,3617.22449394484,0.0,0.0,0.0,0.0,0.0,3041.823371618969,0.0,0.0,0.0,0.0,0.0,0.0,0.0,0.0,0.0
159,0.1976471705504711,0.2884731588745169,0.1423165954232021,0.2016688582248833,1.6081170643646818,1.586553569919502,2.907531606815744,1.3259869539322775,6158.031592299628,3687.150923150637,5670.535656823714,1610.8785409782677,0.0,1196.039063095059,1425.205033173104,0.0,5862.88250562643,1190.546080850219,0.0,242.85668015436949,359.13204985584787,0.0,264.9851439452779,1372.0842324041123,226.5370125347614,0.0,0.0,0.0,2970.6672131155065,0.0,0.0,0.0,0.0,0.0,2583.44084439138,0.0,0.0,0.0,0.0,0.0,0.0,0.0,0.0,0.0
160,0.4515355674192924,0.4857449770493286,0.2855685065427166,0.1859047225432123,2.0476425378060554,1.844359729400616,3.268394618410832,1.657921843490504,6484.126502153922,3846.562666895137,5809.150059118607,1569.0885036446932,0.0,1384.593006485048,1444.5418526436567,0.0,5910.993015275846,1150.3608575334204,0.0,305.21357793872056,200.68430531911383,0.0,392.62427762312063,1109.7763555444812,221.20963533928148,0.0,0.0,0.0,2471.803395164593,0.0,0.0,0.0,0.0,0.0,2141.254935281419,0.0,0.0,0.0,0.0,0.0,0.0,0.0,0.0,0.0
161,0.7836163405925327,0.7207448328004652,0.4817226377025573,0.2214877288973923,2.5255759937729123,2.068928792517491,3.561381687454368,1.9881669502630444,6794.9021824846,3960.232698262555,5967.655805332077,1576.7849984031864,0.0,1683.2671713389946,1549.738579255492,0.0,6050.665246648522,1198.9914177880937,0.0,365.5376798768985,34.585624657978414,0.0,516.0972623838964,888.8846442760607,216.0811742069204,0.0,0.0,0.0,1542.456692007076,0.0,0.0,0.0,0.0,0.0,1336.1420672543863,0.0,0.0,0.0,0.0,0.0,0.0,0.0,0.0,0.0
162,1.1589069276677713,0.978585836489199,0.6965406206960109,0.264586773754975,2.972945868002489,2.258726638632058,3.788590152296513,2.282274773137874,6038.926304728546,3340.771223730298,5875.010037215412,1631.2689251313484,0.0,1667.8649934325747,1586.6119614711033,0.0,6242.866081436077,1571.516186514886,0.0,422.77321628721535,215.22501094570927,0.0,633.2196989929947,1383.1212894045536,211.19581764448336,0.0,0.0,0.0,1200.86122176007,0.0,0.0,0.0,0.0,0.0,1026.3772567863398,0.0,0.0,0.0,0.0,0.0,0.0,0.0,0.0,0.0
163,1.515109676508158,1.1999926706398922,0.8892137406092714,0.3052276598506345,3.289593595670952,2.362414940769896,3.9499758234548623,2.5148312004422912,4408.578990747983,2143.800143120285,5667.446706963407,1715.2299568099068,0.0,1449.1124194948395,1502.2704009908057,0.0,6573.8427341054585,2282.40114496228,0.0,427.3171958503684,524.8413029026091,0.0,692.0087269128569,2224.5620974741983,186.3145004520959,0.0,0.0,0.0,1858.421448784101,0.0,0.0,0.0,0.0,0.0,1552.822237009743,0.0,0.0,0.0,0.0,0.0,0.0,0.0,0.0,0.0
164,1.8867020225915971,1.4301023409439937,1.0943587130168466,0.3721837042695694,3.563519958192216,2.4458483121791645,3.9515743846067903,2.705559288503324,2635.207425683286,983.2525656777492,5303.754083125475,2199.5510106956235,0.0,851.0768921448125,1199.0541107565507,0.0,6567.695620970447,3110.8399906052296,0.0,608.0681061088424,712.1572005887531,0.0,1322.412698470316,2560.647399165367,390.5748128331543,0.0,0.0,0.0,2272.7108648595827,0.0,0.0,0.0,0.0,0.0,1875.564993044202,0.0,0.0,0.0,0.0,0.0,0.0,0.0,0.0,0.0
165,2.184570914131154,1.62060886097992,1.2948829583582246,0.4389319295802316,3.718170057762238,2.4716672169316767,3.839565683723536,2.7733214220866715,1143.764944149668,364.3972678613552,2574.271858786028,1106.6864316692297,0.0,370.4743083263333,577.752306506747,0.0,3233.622320365734,1584.5440999689192,0.0,333.3786307452686,382.2793389293233,0.0,731.399480584607,1326.1576957080574,220.8181885853066,0.0,0.0,0.0,2160.18657395446,0.0,0.0,0.0,0.0,0.0,1750.7735149630769,0.0,0.0,0.0,0.0,0.0,0.0,0.0,0.0,0.0
166,2.360985509237672,1.759380036185327,1.4414229965570606,0.4783401030158845,3.798484715307169,2.4555236927862074,3.755032300361687,2.78456509826345,551.2566460173409,175.624338233504,1240.6988642742704,533.3898987286245,0.0,178.5530103510605,278.4386581355981,0.0,1558.4831784884022,763.6447836141094,0.0,160.6862630623441,184.2497310143704,0.0,352.51565523409755,639.1653630917139,106.43500415608892,0.0,0.0,0.0,2059.909123703787,0.0,0.0,0.0,0.0,0.0,1660.7159382986854,0.0,0.0,0.0,0.0,0.0,0.0,0.0,0.0,0.0
167,2.5310667803170364,1.8602849696459407,1.6025110772909337,0.4893817084916856,3.80243288092833,2.4280140399810173,3.7222297618585776,2.8035699489283363,83.19711109971342,11.529342284625956,187.28579021383925,80.4880684864289,0.0,26.946184485619785,42.05528157950712,0.0,235.2688608024309,115.2547203585586,0.0,24.23714187233528,27.798583341621548,0.0,53.19187234674392,96.46587532382854,16.067867241747578,0.0,0.0,0.0,1942.769030418602,0.0,0.0,0.0,0.0,0.0,1523.3370119237652,0.0,0.0,0.0,0.0,0.0,0.0,0.0,0.0,0.0
168,2.6587519924513243,1.864440900381369,1.8119407826297236,0.5063657921619672,3.723709777301325,2.4237818798979505,3.8205605518397863,2.85742220573309,68.47670599598612,0.0,278.8806405600531,115.58221916089587,0.0,36.363096727058135,78.05622682849891,0.0,375.3921396844352,205.8164491645524,0.0,92.29514129937716,90.03423328470492,0.0,187.96665213859512,296.74581466582435,77.84840084219246,0.0,0.0,0.0,1872.220231256868,0.0,0.0,0.0,0.0,0.0,1442.3153075261775,0.0,0.0,0.0,0.0,0.0,0.0,0.0,0.0,0.0
169,2.675950361492279,1.7799627463724823,2.0164044685737728,0.5185788899425355,3.5858313746077783,2.441020360690247,3.8926002013507968,2.8616289959343355,295.47243614487127,0.0,1878.8765072269343,765.8319629996067,0.0,233.7607034681465,572.1203878629533,0.0,2604.157345783603,1488.8955325512477,0.0,790.0169451620033,752.4671514600284,0.0,1591.8341775017625,2457.702367174636,686.0194299643532,0.0,0.0,0.0,1818.01124072346,0.0,0.0,0.0,0.0,0.0,1382.6311255660294,0.0,0.0,0.0,0.0,0.0,0.0,0.0,0.0,0.0
170,2.60438535155354,1.6287881436109404,2.1387761708707136,0.5200299129372927,3.3913972468577085,2.4016102563104527,3.915162455953352,2.8397048910570444,635.3120204562985,0.0,4075.064916772059,1689.2282062015984,0.0,510.07753469987296,1239.8112703042086,0.0,5605.144094509357,3253.958780241717,0.0,1669.544108715399,1604.175887591399,0.0,3375.0553185043123,5202.702466515979,1467.9246626878305,0.0,0.0,0.0,1764.899054724375,0.0,0.0,0.0,0.0,0.0,1330.0927002808155,0.0,0.0,0.0,0.0,0.0,0.0,0.0,0.0,0.0
171,2.431002929470561,1.429385094966375,2.188418435574216,0.52124661920451,3.139216568998803,2.3331939366833234,3.904116145465522,2.810057499005983,944.986189743616,0.0,5109.028725671797,2169.830710109048,0.0,647.101965730731,1502.287938921147,0.0,6831.91873289895,3995.0750858334463,0.0,1740.209656263428,1754.265129148064,0.0,3561.5253483817883,5544.788385864608,1558.859170411955,0.0,0.0,0.0,1712.4947055074456,0.0,0.0,0.0,0.0,0.0,1288.2125626825346,0.0,0.0,0.0,0.0,0.0,0.0,0.0,0.0,0.0
172,2.1881097259136237,1.1818144716438508,2.15564674171428,0.5267152156996594,2.8625152792132886,2.235360769382063,3.8650039307083146,2.7733847044943536,1057.6600025237535,0.0,5140.1766980996135,2142.805269022658,0.0,643.9905894810483,1477.9155680494937,0.0,6828.632774443981,3891.1113025039167,0.0,1574.115721341758,1634.3486198350224,0.0,3231.534370927224,5105.691149705548,1391.3357939553111,0.0,0.0,0.0,1672.8814890853075,0.0,0.0,0.0,0.0,0.0,1289.8873692743014,0.0,0.0,0.0,0.0,0.0,0.0,0.0,0.0,0.0
173,1.9283235782998556,0.9626972605917844,2.0909610467106776,0.5314511536718652,2.6519424490764125,2.137161957770836,3.748067609369348,2.692868368929103,1126.1431757549606,0.0,5159.120073762898,2126.3685420582533,0.0,642.1153866376121,1463.124427253818,0.0,6826.623628540299,3827.8901780680662,0.0,1473.1417886395843,1561.4835950615004,0.0,3030.9833402940085,4838.780900082162,1289.4816640000963,0.0,0.0,0.0,1744.4262179792672,0.0,0.0,0.0,0.0,0.0,1400.8304926033138,0.0,0.0,0.0,0.0,0.0,0.0,0.0,0.0,0.0
174,1.6008861277204578,0.7288619654216876,1.9551638640626456,0.5176110753239109,2.3899855377216395,1.9326020079361648,3.50927374273613,2.4998990620237262,1377.5779472942645,0.0,5179.446828892163,1993.8162274522012,0.0,613.5620476581271,1362.0823855694089,0.0,6746.093947789742,3471.2822594720246,0.0,1038.7020426105182,1227.2366284121756,0.0,2198.199873902616,3750.2865968878295,861.2300214291284,0.0,0.0,0.0,2149.3828470879544,0.0,0.0,0.0,0.0,0.0,2029.479895104317,0.0,0.0,0.0,0.0,0.0,102.37106163534489,1373.0294143898448,0.0,0.0
175,1.2956270359770452,0.5189258993055842,1.7509631172692195,0.5042553937007451,2.181376708500632,1.7032149185142855,3.299769325889707,2.352212864052432,1313.5311283022686,0.0,4797.153416906239,1478.7216252861713,0.0,451.91651323854535,1033.0236649892831,0.0,6197.280768547185,2612.8681830516293,0.0,667.8074554933855,813.9952266112442,0.0,1674.2605302350282,3187.695247685024,559.08221431544,0.0,65.67043222664161,0.0,2838.49946566828,29.084088137933605,0.0,14.285117495310148,0.0,0.0,2969.520381908197,115.3086462571078,0.0,48.40496647691424,3.391430772267877,0.0,219.75097771708013,1661.4713413773727,0.0,0.0
176,1.0704069291991394,0.3423779895829567,1.5569753607754524,0.5026029019089208,1.9908315368888,1.4959868990267728,3.146086413760405,2.197490409420365,1217.2264821953622,0.0,4305.150808272824,862.4952472924342,0.0,220.60476158082952,644.6724423125441,0.0,5419.686650423307,1570.092950642496,0.0,273.3490198531132,413.8344440441613,0.0,1074.056541230147,2453.755569853654,236.47398095090352,0.0,571.1719918180314,0.0,4751.603091830522,252.958659876401,0.0,124.24185803202116,0.0,0.0,5008.986436339364,1002.897575686565,0.0,420.9959777634157,29.49359298339583,0.0,1026.908039945234,2589.2242199801008,0.0,0.0
177,0.9095298749049836,0.2182788751920236,1.3804348377754154,0.4961175331215845,1.83456693085714,1.3074300568664443,2.946479514825249,2.011495818745515,1156.584109357234,0.0,3912.79899179374,397.67895333878,0.0,41.63371975035422,377.92340068244135,0.0,4750.597180693105,776.7930878583938,0.0,51.00730267005249,195.22260464856387,0.0,623.4834714194441,1867.2895758063737,46.77233352006457,0.0,325.6936801411865,8.114745563800138,2603.916472973448,151.25561065850036,0.0,74.2928431183298,0.0,0.0,2741.223756351844,574.3332711670381,0.0,246.63891755332256,29.275136360903293,0.0,582.9915530561062,1425.2600750767494,0.0,0.0
178,0.7653433690442122,0.1276505432399664,1.1660389432969571,0.468869064996668,1.6318401586790163,1.0680598981771012,2.5460282018525464,1.726165501576284,1249.1606465017576,0.0,3679.982501262065,118.32499026373584,0.0,24.06246230218218,321.9375747631538,0.0,4347.031577944718,312.7605141295626,0.0,85.45652663069406,153.2363001878728,0.0,294.54864365304934,1569.482683647183,42.55841196031263,0.0,562.9131449403457,73.03925081583192,4058.903940624689,352.33831508411083,0.0,175.95516991625988,9.357892621722437,0.0,4262.73720866946,1012.8496658690344,0.0,514.8415918610092,221.36441477402468,0.0,1005.002727477293,2298.9042599219674,17.52569143660424,0.0
179,0.6089680233324207,0.0537896638264586,0.8929317736767606,0.4390812731608273,1.3968271489294477,0.803945359466876,2.0703891864530046,1.407986350051201,1596.4970721289556,0.0,3519.827736927091,17.69706350918979,0.0,81.62338588514235,476.1585102220722,0.0,4166.004617694105,108.94388871622506,0.0,129.22154994334352,311.01068629720254,0.0,234.31904941275147,1677.066000018331,65.55228235894963,0.0,820.9250397656825,210.3912081516147,5540.589961159632,451.6514102290476,0.0,246.35542001714427,19.966948061257707,0.0,5788.890618017459,1263.337000449378,0.0,677.7243763928218,329.0846676981417,0.0,1265.4938957169363,3032.371993011168,27.85354078635185,0.0
180,0.4980160275706811,0.0195176393954822,0.6247403109946413,0.400876256522603,1.1751070736212603,0.5914652612890372,1.6256142936893356,1.096977630298188,1734.0118799171232,0.0,3467.364053006039,0.0,0.0,111.99571029726567,550.4006819484875,0.0,4114.2603863289705,69.65580249022949,0.0,168.06573953393456,392.8443776470291,0.0,235.7640001759748,1753.1128487859282,95.04381551380908,0.0,967.6930403355096,559.6346337464702,5673.38772842231,425.6752519284897,0.0,180.36066140804135,30.1849218241362,0.0,5733.731989592349,915.2933510740706,0.0,345.4481149528315,337.7616643151764,0.0,672.2577027608728,2325.8892548254616,9.123998226670665,0.0
181,0.4997500467022959,0.0003492822181112,0.3946493870457871,0.3326043055605868,0.9568626296489938,0.4105406714924164,1.1956341636010408,0.8009000613817705,2067.4875122022304,19.81589000734853,3345.6589549422224,0.0,0.0,221.3524071587665,781.703935946135,0.0,4007.59345110046,74.99294573106414,0.0,222.00740418410908,709.72462080904,0.0,334.1087850888869,2077.6593008904283,324.5217488035645,0.0,1074.8133817597825,798.4698373074622,5824.96845398813,476.728778682575,0.0,159.27868334278537,96.2521722968698,0.0,5803.966488517714,789.237709835139,0.0,161.68811304621187,374.7559493872968,0.0,365.8717211301868,1942.8246185199496,0.0,0.0
182,0.6856441092070866,-2.3128166048991305e-15,0.2136062310232542,0.2492906838338787,0.8249688361262437,0.252138957889258,0.7563323077142924,0.5169399131495022,2098.0,7.0,3323.0,0.0,0.0,275.0,865.0,0.0,4038.0,82.88686290873864,0.0,259.0,927.0,0.0,586.0,2401.0,575.0,0.0,1133.1066494860493,913.4868691994448,5953.234628869308,568.444209405025,0.0,180.57094406723505,193.09614170025205,0.0,5953.187644004747,846.7434345997224,0.0,137.59412531925332,427.2641452817607,0.0,346.1554857054188,1896.596287854324,0.0,0.0
183,1.0980364298521583,-2.3128166048991305e-15,0.0971177512325563,0.169866899743347,0.8187047549800633,0.1658912359908638,0.4503223339559826,0.2757531519194355,1101.4331137302702,3.674943658775925,2503.464538506744,0.0,0.0,144.37278659476848,454.1180378344536,0.0,2982.3451540943765,46.67940828046768,0.0,135.97291537470923,486.6675388121832,0.0,307.64528343467026,1260.5056749601424,301.8703719708796,0.0,1228.5699443333906,1045.9688200394137,6308.441328194851,807.3147414971404,0.0,263.3483458173549,301.74299019695826,0.0,6421.265470558766,1157.488901379847,0.0,251.05711986554925,486.2452893168681,0.0,519.5791443941279,2116.4983410154177,0.0,0.0
184,1.626213725428416,0.0057357668877362,0.0572338273893204,0.1293126766625889,0.9258151159344784,0.1964228292025033,0.407212535295375,0.190013874160859,0.0,0.0,1091.4862371860504,0.0,0.0,0.0,0.0,0.0,1184.1000963874376,0.0,0.0,0.0,0.0,0.0,0.0,0.0,0.0,0.0,1943.7940073999896,2092.5963461632377,8550.819108586918,2595.768799115908,0.0,767.3991133150977,351.0,0.0,9064.272964797536,3164.2437514775565,0.0,923.6513032530652,499.1596881649003,0.0,1225.9077124212386,3052.323702657159,0.0,0.0
185,2.291524105659468,0.0262474323787352,0.0705375806561442,0.1043055312333797,1.1086476037026542,0.2642663394916943,0.4701077811802357,0.2043321762308969,0.0,0.0,977.1409061619212,0.0,0.0,0.0,0.0,0.0,1076.8169875185142,0.0,0.0,0.0,0.0,0.0,0.0,0.0,0.0,0.0,2103.989574403949,2410.1217963746903,8809.9434226935,2703.451096985211,0.0,837.4596884884107,367.9735642817501,0.0,9229.258527593483,3078.2587285931727,0.0,871.6750894677493,475.7275729732952,0.0,1043.1819080564255,2842.2150968722035,0.0,0.0
186,3.2367974701916205,0.0518437343720907,0.1463054410957005,0.1757560348144802,1.4119147625459194,0.4079686916540566,0.6034441951109245,0.3353394155816096,0.0,0.0,763.3555523475287,0.0,0.0,0.0,0.0,0.0,831.1171505121328,0.0,0.0,0.0,0.0,0.0,0.0,0.0,0.0,0.0,2791.799875930089,2765.660874643066,9349.19136708997,2690.4383174158697,0.0,1167.9142397985993,607.9763688368563,0.0,9503.335634022797,2646.927135525312,0.0,760.4259622677336,498.3705696829937,0.0,603.0423683244409,2351.899635790624,0.0,0.0
187,4.162961551993358,0.0760438744385359,0.2612504512624565,0.4503975230317897,1.7428791002705242,0.5701327738860943,0.7634311867432411,0.5330224407793073,0.0,0.0,764.4966600660167,0.0,0.0,0.0,0.0,0.0,761.5100198019497,0.0,0.0,0.0,0.0,0.0,0.0,0.0,0.0,0.0,2808.694748887475,2550.4671339656725,9117.434147993576,2532.918485849857,0.0,1210.9579457592831,705.4472324026092,0.0,9322.941987363738,2679.455471365761,0.0,897.39597171228,607.2828569127159,0.0,820.7251405282805,2577.462083484083,0.0,0.0
188,4.915335196091362,0.0988478525780707,0.4316949740246776,0.905953883014704,1.989665272785475,0.716868975654248,0.9523227122427655,0.7063979377083538,0.0,0.0,761.0546911703466,0.0,0.0,0.0,0.0,0.0,755.2221948117958,0.0,0.0,0.0,0.0,0.0,0.0,0.0,0.0,0.0,2776.1427100315864,2365.632002670482,8922.384914288847,2419.4081784185514,0.0,1220.802115838962,765.0982555634135,0.0,9180.085133775605,2725.2921823968977,0.0,1007.6812794252334,689.9650430648527,0.0,1006.5829149298588,2777.5835243700417,0.0,0.0
189,5.547698047492625,0.1235133799534859,0.6415330117945487,1.471651191467631,2.126004907010231,0.830337628322392,1.129147614014356,0.8796384370166125,0.0,0.0,636.9753816190889,0.0,0.0,0.0,0.0,0.0,619.4899702917072,0.0,0.0,0.0,0.0,0.0,0.0,0.0,0.0,0.0,2086.645105418599,1282.71608197947,8006.33537893886,2051.439180789353,0.0,970.0524617431672,863.6174995185486,0.0,8629.095385214529,3111.982844056646,0.0,1535.3141745686048,1052.470943722187,0.0,1958.8937486740087,3938.354514094119,223.04827347598777,0.0
190,6.009176643475473,0.1395221946296635,0.8425221153980813,2.0068518429087234,2.2038541104764504,0.8889650231854603,1.2760577936540989,1.0328158446918128,0.0,0.0,557.2391763729619,0.0,0.0,0.0,0.0,0.0,549.7441900958659,0.0,0.0,0.0,0.0,0.0,0.0,0.0,0.0,0.0,2318.885023930764,1661.8545811959768,8122.058983555725,2174.1509659359835,0.0,1063.4391524282514,947.2075730450756,0.0,8826.122460349981,3175.137435948208,0.0,1498.671963486152,1073.71490192913,0.0,1696.8339961321306,3665.052266544603,287.713108644759,0.0
191,6.26856430033873,0.1400815799999977,1.038615241235029,2.526208503064667,2.219583723866264,0.9625645581740304,1.3990620670971985,1.1329053037933134,0.0,0.0,520.6399047974877,0.0,0.0,0.0,0.0,0.0,522.3864618059558,0.0,0.0,0.0,0.0,0.0,0.0,0.0,0.0,0.0,3720.290217269101,3545.273270621437,8132.529968124002,2039.4405940692184,0.0,1688.6218034072242,1307.5454298477216,0.0,8694.724192915312,2468.2758565112645,0.0,1127.1620881690696,1009.1008685980828,0.0,720.6731215248417,2548.4754234666675,51.92148318927882,0.0
192,6.2913115296372135,0.1400815799999977,1.1982922392026558,2.9447291460225817,2.1580240334405327,1.0670516818578082,1.501953056116947,1.2091426367734228,0.0,0.0,469.890687889778,0.0,0.0,0.0,0.0,0.0,481.1822501933666,0.0,0.0,0.0,0.0,0.0,0.0,0.0,0.0,0.0,4300.791038087081,4252.219318336974,8049.216096327897,1937.8513548860813,0.0,1931.47795134793,1427.965443699013,0.0,8527.945123288258,2152.9230077828693,0.0,958.0182030994883,924.974662485534,0.0,435.22729871904585,2131.9066545813703,0.0,0.0
193,6.0188804937707685,0.1400815799999977,1.3205425982690997,3.2597772627906894,2.0578334446664424,1.2522457476797344,1.597510455681729,1.3591409430677746,0.0,0.0,337.29279181400506,0.0,0.0,0.0,0.0,0.0,347.5341157388512,0.0,0.0,0.0,0.0,0.0,0.0,0.0,0.0,0.0,4431.81626658877,4392.382872293411,8123.9522229224385,1987.961856596668,0.0,1964.8744547941171,1394.5476510373442,0.0,8529.066535847585,2110.696811717424,0.0,856.1661074799636,816.266510024777,0.0,351.34028162229254,1955.263335190086,0.0,0.0
194,5.570071122091126,0.1330823745249145,1.375114829988603,3.397151888972939,2.0350726889074457,1.4887747662543895,1.6096593060711928,1.613186914416706,0.0,0.0,237.81427968305476,0.0,0.0,0.0,0.0,0.0,251.11451542095188,0.0,0.0,0.0,0.0,0.0,0.0,0.0,0.0,0.0,4673.792047176708,4514.856480502661,8143.520380901784,1999.9240116450665,0.0,2066.7976802175003,1372.089101847646,0.0,8385.072883805205,1891.1162984205107,0.0,716.8597764797381,626.3228428684715,0.0,200.33219454768417,1584.6787684880733,0.0,0.0
195,4.9917379195795135,0.1112745174219246,1.376815708871305,3.4615992777551456,2.1490476893730284,1.7234926385088687,1.5709969433478377,1.8369165319478464,0.0,0.0,277.1399847179385,0.0,0.0,0.0,0.0,0.0,301.6496662731803,0.0,0.0,0.0,0.0,0.0,0.0,0.0,0.0,0.0,4935.0,4619.0,8602.0,2329.0,0.0,2272.0,1477.0,0.0,8423.0,1906.0,0.0,958.0,698.0,0.0,392.0,1737.0,0.0,0.0
196,4.300290630593403,0.0898667012093001,1.3387671790166114,3.4559712886613747,2.2374096703623785,1.9364196521124444,1.5137772012144168,2.039611193495528,0.0,0.0,331.1646962595287,0.0,0.0,0.0,0.0,0.0,351.4416298518202,0.0,0.0,0.0,0.0,0.0,0.0,0.0,0.0,0.0,4760.077742522131,4538.643222332693,8593.641939915733,2331.6268188836266,0.0,2186.5089854237854,1443.0901562295462,0.0,8452.969615445014,1984.446363933761,0.0,998.2380892628272,740.7455072881072,0.0,478.0880188679478,1864.997720147628,0.0,0.0
197,3.5120800688953184,0.0670627230697653,1.2519394399490962,3.27335951264012,2.34294112156585,2.170076827451094,1.494350789104345,2.2642680077747626,0.0,0.0,370.9472471569201,0.0,0.0,0.0,0.0,0.0,281.30381045244053,0.0,0.0,0.0,0.0,0.0,0.0,0.0,0.0,0.0,3020.2365952950827,3362.8153458707084,8393.131191810695,2195.517713987297,0.0,1280.54155611666,1021.6793204704064,0.0,8489.683057036595,2559.286732248343,0.0,1338.5933058477683,1046.487328553921,0.0,1271.547992857284,3028.25752784809,131.24634676673264,0.0
198,2.7155589547868315,0.0405356464584696,1.0793448175270286,2.842946970508479,2.5127845449466606,2.45677151687224,1.4582333317786813,2.5513132975567543,144.80331899671756,0.0,173.67915508025362,0.0,0.0,0.0,0.0,0.0,131.51885392559458,0.0,0.0,0.0,0.0,0.0,0.0,0.0,0.0,0.0,2713.954824222194,2875.3238431662185,7749.652816311741,1555.5853936127005,0.0,1007.2848339015982,744.7060984477484,0.0,7642.42245657788,1830.773765155005,0.0,1043.5666681537173,821.1943909256404,0.0,1019.5158408600596,2768.6280491132334,72.20589879228568,0.0
199,2.16176649564038,0.0163355063920243,0.8953228130232531,2.34629245438144,2.712206432583632,2.6596310811208888,1.4792386129931556,2.766888054555296,1091.0184964908808,0.0,2159.0354677683918,0.0,0.0,16.559225260990637,45.93849588532887,0.0,2460.9115720199125,0.0,0.0,24.705295752284425,70.91087591601635,0.0,118.31057262543712,1052.4541944973585,50.74601289658421,0.0,2413.362535877029,2455.655155093848,7244.939732223562,923.679571042974,0.0,660.7543527752769,307.4849035962074,0.0,6922.776633857497,1024.0945535597405,0.0,512.2982470570373,291.79686599734805,0.0,533.1975240842509,2046.194252061343,9.73469387755102,0.0
200,1.715384642006894,0.0005382764884324,0.7127848712081719,1.844331785958245,2.8760740028090006,2.85508625517458,1.5555283053251463,2.9386973707728963,1522.4192794442088,0.0,2927.4271807090263,0.0,0.0,107.13409952714724,298.47788217767385,0.0,3494.858410205285,0.0,0.0,163.44811711566152,460.8419362363032,0.0,542.2297448825905,2304.936254277922,334.5834171759852,0.0,2167.315402740636,2049.9777486670564,7056.13671262028,746.6158954028067,0.0,440.1816721360482,33.76505309150906,0.0,6620.034005381861,788.4166189712079,0.0,306.2004243743163,28.39928884053282,0.0,373.9392702616565,1776.3124207249425,0.0,0.0
201,1.3895223595207251,-2.3128166048991305e-15,0.5337268120049083,1.3294576183221063,2.9311959640092438,3.0079459235715764,1.6720939839000473,3.1218458772090143,1493.9965052235414,0.0,3022.231100176268,0.0,0.0,119.291516438185,340.2904259039501,0.0,3657.382422653412,0.0,0.0,204.6256386892981,526.090497356603,0.0,717.2332812447376,2522.5076689095445,411.8383151286416,0.0,1946.96868547534,1663.2656060787356,6936.59120119364,679.1898069825316,0.0,261.3371007798988,0.0,0.0,6418.570856287212,688.0194713894762,0.0,185.579530493437,0.0,0.0,298.641491577536,1627.5756891463957,0.0,0.0
202,1.1630235475767268,-2.3128166048991305e-15,0.3906525039247872,0.9115084070431788,2.973564967411888,3.1029194181350084,1.762734409940768,3.263946686765252,1425.2063906746978,0.0,3104.8333703209446,0.0,0.0,116.21560243610382,337.8509931016071,0.0,3770.6130672323993,0.0,0.0,217.3982857937139,522.8788520706464,0.0,798.562588989938,2585.209036841237,432.5385858325323,0.0,1879.7476847666692,1543.9562187632707,6879.258162604791,641.6651769430089,0.0,212.51188621702795,0.0,0.0,6352.837049386156,645.3468256285336,0.0,133.62427827564824,0.0,0.0,261.29304196239167,1556.9296740373832,0.0,0.0
203,0.9966628497690018,-2.3128166048991305e-15,0.277596140777797,0.6147488556536945,2.930204102589016,3.098019923650573,1.780399627396524,3.295781928126639,1267.3474202413065,0.0,3294.317610391481,9.526284577303525,0.0,109.20970815060748,332.3002053318294,0.0,4030.393204070773,41.92955912491989,0.0,246.71537787617012,515.5405606014981,0.0,985.1366160290372,2729.0167554955838,479.9828793440664,0.0,1661.593777644109,1197.557246143704,6643.812184298688,549.9130885810547,0.0,79.2676942959274,0.0,0.0,6128.665300501075,561.9916125998377,0.0,70.3644595599965,0.0,0.0,84.56161432053217,1229.5819892269185,0.0,0.0
204,0.8106135824784008,-2.3128166048991305e-15,0.2049850951007734,0.4615149692845985,2.766725218026576,2.944178161616831,1.776290250369881,3.1524736843189403,1179.0269629655668,0.0,3400.3379049578475,103.5030662875198,0.0,105.28867230445208,329.1870068785698,0.0,4175.778968500224,399.5992856422268,0.0,263.091714770919,511.4542612484428,0.0,1089.541235809612,2809.459141408028,506.5202689446368,0.0,1311.0574191014366,915.6231153120945,5350.828727334528,434.93149859068006,0.0,42.60162352555175,0.0,0.0,4935.623173086378,447.5289306598228,0.0,66.04826478208385,0.0,0.0,35.53593689782381,936.9195471925252,0.0,0.0
205,0.6492280303279694,-2.3128166048991305e-15,0.1705698027508289,0.3588267943255727,2.407265244361194,2.7351418222477024,1.7109670190663149,2.903194184423921,802.7527748108183,0.0,3770.57432495156,551.3167965074005,0.0,45.048362925450895,145.82761893106263,0.0,4535.194595376806,1095.547194669717,0.0,126.74336994196302,226.9946089676014,0.0,1015.516692729246,2362.467886166736,241.3110609293426,0.0,675.2908124368508,471.6090757468106,2755.981848249228,224.01976707702465,0.0,21.931791336173664,0.0,0.0,2542.1659294932174,230.52704882176693,0.0,59.24641612992524,0.0,0.0,18.280577924910244,482.5916858679456,0.0,0.0
206,0.545666362362955,-2.3128166048991305e-15,0.1440122494485031,0.2604019087973337,2.0045898691993345,2.475670879577239,1.625672140006647,2.562386812607142,661.4657559314134,0.0,3951.577145615984,739.4317164332278,0.0,0.0,0.0,0.0,4586.515245570107,1129.359486993617,0.0,0.0,0.0,0.0,476.484906715412,1472.0123929790398,0.0,0.0,327.1590426889372,223.12671985798943,1381.796098964959,131.6539491629454,0.0,14.737690771196014,0.0,0.0,1283.219332553842,139.19754700058132,0.0,55.0470444180204,0.0,0.0,18.053091886837223,249.22481026415767,0.0,0.0
207,0.4617409394178806,-2.3128166048991305e-15,0.1269188547204949,0.1816270757342106,1.597919519606528,2.186584273817419,1.4837984398483357,2.177744117434059,866.7941842860398,0.0,3617.004329881274,609.7786301957774,0.0,0.0,0.0,0.0,3825.214026265013,520.1352090266244,0.0,0.0,0.0,0.0,431.3511565556884,343.41009837520176,0.0,0.0,1433.8156237447936,814.3958715872044,7232.767884082247,1232.4688801484883,0.0,254.50540745609132,0.0,0.0,7018.233986362379,1499.7394549048468,0.0,166.32416588677324,25.727883770260707,0.0,519.9885851091384,1865.1467133825377,0.0,0.0
208,0.3863140239867089,-2.3128166048991305e-15,0.1114787936212604,0.1149431422405228,1.2234384929063111,1.9038586440611287,1.324620374952827,1.8114524199468436,449.9350088508381,0.0,1842.7038423995252,304.84978219316656,0.0,0.0,0.0,0.0,1934.8969411934863,250.09403726855163,0.0,0.0,0.0,0.0,670.0456314002699,147.88949838864224,0.0,0.0,1533.4002563943832,893.9344870079041,7303.778471683379,1064.943297771497,0.0,303.34486700326346,0.0,0.0,7059.657540603683,1399.0066952067682,0.0,265.5630557354822,120.87882901837853,0.0,619.4593940195246,2185.211783761996,0.0,0.0
209,0.3120063031536237,0.0169361215910161,0.0899927690500609,0.054991382927474,0.9325096306816312,1.6550675949169449,1.1990671351873097,1.485751739002635,213.01482795930283,0.0,872.2575957407064,144.2770673341371,0.0,0.0,0.0,0.0,915.9273231582472,118.36073927972244,0.0,0.0,0.0,0.0,906.4465861467132,70.01895188608019,0.0,0.0,1545.9133498010688,914.8555830017816,6875.951883443586,745.2066917327783,0.0,279.1675237179334,0.0,0.0,6635.923000043941,1011.6746028070062,0.0,259.04621343942995,106.10398023871733,0.0,490.8896087090258,2109.525677873515,0.0,0.0
210,0.273701135244822,0.1030702365494482,0.1001804791579329,0.0347900140258023,0.7817543226708377,1.431573481685921,1.2034793523036074,1.2142769873230268,396.5813777243221,125.30197517776782,773.2669739487969,225.6864478602208,0.0,40.621270408239766,55.2016323572788,0.0,896.1091869670048,301.27995095088835,0.0,49.02567118235834,70.22768222615746,0.0,1158.0949770532904,468.38774295482096,60.67722680102273,0.0,1351.7696321949854,620.4418371634345,5258.179781261008,200.07284456444543,0.0,94.5309589836374,0.0,0.0,4646.696596121928,271.700538580788,0.0,69.74275470012299,28.543366788467324,0.0,131.9457521353678,722.0439109813647,0.0,0.0
211,0.2833667819003294,0.26838342126827,0.1877375836445161,0.0604899510249079,0.9000686138347147,1.3190106468961795,1.3302215903571464,1.1397578701320603,645.815351204828,243.27379337321736,1207.3834323892602,364.9083681871523,0.0,78.8661992744475,107.1739729952131,0.0,1409.969848361358,495.5662069930912,0.0,95.18334395191938,136.3470498428144,0.0,1206.4762465936578,783.3715765525922,117.80483998205086,0.0,1182.2437259855335,405.76637889644326,4507.427884973894,0.0,0.0,0.0,0.0,0.0,3735.364814497445,0.0,0.0,0.0,0.0,0.0,0.0,10.51662321113892,0.0,0.0
212,0.325146829504269,0.5094130513604626,0.312199839879922,0.1112727082361086,1.2376585698125264,1.3214560262762214,1.6106376245232583,1.2463137000149518,2934.154828848667,1824.74934674682,4561.864076841864,1342.0712888019275,0.0,677.2737446474124,868.9965470527351,0.0,5378.061564449003,1838.7318217114664,0.0,684.2918537603713,994.9263648839564,0.0,1477.413311846382,3164.584557828704,837.2510832461211,0.0,160.08499441472964,54.943923212764886,3263.398461946467,0.0,0.0,0.0,0.0,0.0,2757.308264021672,0.0,0.0,0.0,0.0,0.0,0.0,1.4240325670695,0.0,0.0
213,0.4344880970581369,0.7895521526212596,0.4857010016785694,0.2021856115888614,1.6885430138770732,1.3995723647342195,2.0653057698812307,1.4147240164186057,4634.385930087715,2384.1925090714003,4829.135285026036,1091.6828091122588,0.0,1212.9840036741768,1394.04441518895,0.0,5739.536201719134,1445.8375022155803,0.0,806.2384737587223,1218.1227250047898,0.0,1243.1930263431311,3400.0920211593007,944.2042788335492,0.0,0.0,0.0,1850.8873681734597,0.0,0.0,0.0,0.0,0.0,1578.834440769486,0.0,0.0,0.0,0.0,0.0,0.0,0.0,0.0,0.0
214,0.6031392184610141,1.0885926682219518,0.7238566906139796,0.3834210458514083,2.129603195107651,1.5260542500453806,2.5486429578975054,1.614313187506326,4236.036865843223,1836.803096141017,4782.299136866264,1120.2017744600023,0.0,1194.081399601669,1415.776588378974,0.0,5804.728706120753,1581.744370538,0.0,929.1908360846224,1241.2192013592576,0.0,1562.4351787448538,3729.159490769637,1021.8735169492672,0.0,0.0,0.0,1701.3518612481869,0.0,0.0,0.0,0.0,0.0,1435.5532945139591,0.0,0.0,0.0,0.0,0.0,0.0,0.0,0.0,0.0
215,0.7874941892430344,1.4529608956230489,1.07251415210861,0.6252752691190812,2.6176727405964684,1.707577618818554,3.054582860736265,1.869329314161512,3361.207520822345,1282.5523786119522,4784.386827434231,1240.0525827208105,0.0,985.02889799097,1265.1925548773977,0.0,5913.316729115658,1888.625068525276,0.0,1034.6004957718792,1277.9059021612734,0.0,1989.9826029349465,4124.213461964304,1128.2424175217743,0.0,0.0,0.0,1946.3607821517217,0.0,0.0,0.0,0.0,0.0,1629.5174835946152,0.0,0.0,0.0,0.0,0.0,0.0,0.0,0.0,0.0
216,0.9458594369139592,1.8171913618563944,1.4509901496665494,0.8562282450490115,3.1134875937156368,1.9756207503608385,3.4750803200555938,2.1881338764078917,3519.4203187710505,3321.6355844870727,4484.69290282252,962.0905750264016,0.0,1166.2779780756389,730.2898266579639,0.0,5637.865205537044,1582.4522513142829,0.0,716.2792207027028,535.102274304358,0.0,1267.4050307077678,3170.4205257901326,554.92490385637,0.0,0.0,0.0,2388.671874109438,0.0,0.0,0.0,0.0,0.0,1979.5152582802928,0.0,0.0,0.0,0.0,0.0,0.0,0.0,0.0,0.0
217,1.0392004952203755,2.0492917845714254,1.6892848802967833,1.0207900417408549,3.46154024862901,2.1692828186710966,3.7275934938693176,2.361173309076411,3096.251750449104,3641.101054656088,3141.969669412441,521.5983931227227,0.0,1054.794401695899,367.8299082826824,0.0,3943.620911836593,863.3047225604408,0.0,322.11198931934524,41.76829240509011,0.0,364.9037683181587,1661.2971860391715,420.74874964337965,0.0,0.0,0.0,2382.6216548847337,0.0,0.0,0.0,0.0,0.0,1965.5055527731529,0.0,0.0,0.0,0.0,0.0,0.0,0.0,0.0,0.0
218,1.1549262531079738,2.264597361394306,1.949876581047752,1.2140865555249067,3.711614087515362,2.3374863835022834,3.94299658790469,2.3995469652140797,1708.5521619387257,1569.2802316877448,2153.295415176373,389.99479926639486,0.0,610.9300525308354,327.6760160547824,0.0,2825.000203923278,774.1107267041613,0.0,547.5234809243144,247.9318919335232,0.0,815.4560585435213,1916.9046961857769,912.0230896135986,0.0,0.0,0.0,2190.9649774727627,0.0,0.0,0.0,0.0,0.0,1771.5277650450869,0.0,0.0,0.0,0.0,0.0,0.0,0.0,0.0,0.0
219,1.284294673631283,2.4955402026859046,2.2785089747784943,1.4388807684975649,3.867529387494359,2.5594325396974007,4.03585363740298,2.4689944781746087,1070.9662590414005,0.0,2973.5153454871474,639.8774559299903,0.0,494.7025708464683,688.0883851692101,0.0,4282.090549564497,1637.545121088452,0.0,1774.6406536112831,1025.711540619511,0.0,2888.220325281018,5072.80207705315,1454.7166078707355,0.0,0.0,0.0,2101.7925087499057,0.0,0.0,0.0,0.0,0.0,1658.2245393293604,0.0,0.0,0.0,0.0,0.0,0.0,0.0,0.0,0.0
220,1.3520658258018166,2.593672949718327,2.5054932461678425,1.5012105326650194,3.878479637160186,2.8164388668663856,4.044363997839963,2.5658906524463365,468.3286092498211,0.0,3417.1589218926983,690.5461630618768,0.0,380.6760937365378,943.4132118690924,0.0,5215.496485901355,2098.086160571749,0.0,2829.369749605185,1679.9932508962966,0.0,4539.721010571566,7805.190279383092,2154.8970878036544,0.0,0.0,0.0,2025.331347306461,0.0,0.0,0.0,0.0,0.0,1597.0532045417729,0.0,0.0,0.0,0.0,0.0,0.0,0.0,0.0,0.0
221,1.395596922006375,2.566319865964384,2.6023613207202634,1.493727336803712,3.809629507373816,2.9669373863067108,4.151016698923862,2.5037043016497,98.63296533861384,0.0,2662.36804719894,232.78008426919249,0.0,282.6392298597657,825.0719358599193,0.0,4357.478776148392,1377.7972852729329,0.0,2998.139743380324,1751.7792851281647,0.0,4455.022756153758,8264.466884218404,2867.255527794275,0.0,0.0,0.0,1954.1249728366631,0.0,0.0,0.0,0.0,0.0,1536.3629841759998,0.0,0.0,0.0,0.0,0.0,0.0,0.0,0.0,0.0
222,1.439432751484233,2.435045744749701,2.634574185380804,1.4781423141881684,3.609499069259195,2.973543356264528,4.260219612306156,2.286625627077539,40.18082486559726,0.0,1475.408821097535,112.37515409266624,0.0,155.84834355067218,462.1834796741082,0.0,2430.786427898453,749.5622042587147,0.0,1704.716001619931,994.8752669281504,0.0,2518.840057674915,4698.902463172275,1653.6967267728355,0.0,0.0,0.0,1880.2372753095297,0.0,0.0,0.0,0.0,0.0,1452.4675842205625,0.0,0.0,0.0,0.0,0.0,0.0,0.0,0.0,0.0
223,1.4569252735308955,2.27660713593621,2.622040385530897,1.4766333323827152,3.425443393411291,2.887485536890367,4.375104682195357,2.0690078607149496,86.48408594799312,0.0,481.6650685417143,48.60448391713836,0.0,68.17796295145325,184.4779354466475,0.0,764.0372480802934,239.59020488427865,0.0,475.1510817638796,333.96139829959674,0.0,686.7461651045011,1311.4652245111756,452.4014856078061,0.0,0.0,0.0,1759.2834939345394,0.0,0.0,0.0,0.0,0.0,1343.0902695035124,0.0,0.0,0.0,0.0,0.0,0.0,0.0,0.0,0.0
224,1.421240187321755,2.174301381140098,2.540881066453458,1.451495226863903,3.3041629861628503,2.819109710331096,4.499803967371913,1.901202612439289,517.1349969852411,70.83094773936924,1423.8869684762697,186.722415846976,0.0,263.06610751619985,664.5957435716288,0.0,2152.998457430443,690.6038728643052,0.0,1113.6541184612474,1018.8534649858096,0.0,1546.492384622741,3081.4411878269457,1024.0438933724663,0.0,0.0,0.0,1678.6265449195332,0.0,0.0,0.0,0.0,0.0,1280.58415436538,0.0,0.0,0.0,0.0,0.0,0.0,0.0,0.0,0.0
225,1.363968140022667,2.0721651037779933,2.341077551828804,1.3746106748243003,3.158340353128785,2.7178177602094955,4.662132644440107,1.6880337406175487,820.291788669442,93.01099803442878,2172.100292654831,289.99051681794583,0.0,408.6701054924679,1028.1839785024688,0.0,3271.661221961871,1051.37368794659,0.0,1663.890715328041,1558.0277410430144,0.0,2301.0190758632007,4605.081209996678,1524.5188059408288,0.0,0.0,0.0,1781.2013202772953,0.0,0.0,0.0,0.0,0.0,1407.1408485292775,0.0,0.0,0.0,0.0,0.0,0.0,0.0,0.0,0.0
226,1.308729376992338,1.9581663980771569,2.065836782025897,1.312500451457579,3.052453472799239,2.529732952067256,4.789943429496781,1.4395517583494457,861.3328927031714,8.26923813329917,2225.648504419768,300.5834866579476,0.0,423.6044789088528,1063.07726109402,0.0,3343.860931497327,1075.8447151703378,0.0,1681.6848313224552,1598.9594880855864,0.0,2319.117091824828,4655.003604822899,1537.0985746270665,0.0,83.79659289047522,0.3910891917168834,2590.0006771193,0.0,0.0,0.0,0.0,0.0,2457.684186767578,0.0,0.0,0.0,0.0,0.0,17.264765439597934,536.4729045523223,0.0,0.0
227,1.2585592112495927,1.8729339711823016,1.8028207398928384,1.2506214440319383,2.951908044996676,2.3444645678849194,4.766042945358323,1.313050220405171,599.53896271857,0.0,1549.2264603681515,209.24847543130184,0.0,294.81947928371375,739.9874090918742,0.0,2327.6009824370653,748.8745096154867,0.0,1170.5811392365235,1112.9553084583224,0.0,1614.2748749160294,3240.18523861298,1069.8939999689137,0.0,272.0644005219446,4.838687359448758,3578.741636869424,0.0,0.0,0.0,0.0,0.0,3772.8062034370714,0.0,0.0,0.0,0.0,0.0,68.0966768871966,1513.2902382187165,0.0,0.0
228,1.1714478026990836,1.8286130811420125,1.5563297142975907,1.1864907749238598,2.936917894362902,2.224599076098676,4.702477313050422,1.3303824495395464,347.1152424157649,0.0,906.5347388738734,118.45831401712144,0.0,158.33806631153388,402.7299554397385,0.0,1348.629945987733,418.8986895916947,0.0,628.7167741284998,602.998995682232,0.0,885.3938823342545,1788.4252928585995,578.4404798603806,0.0,400.4719095320704,32.5570303239461,3938.1304113752863,14.421667081980944,0.0,0.0,0.0,0.0,4080.0545062946576,28.11427674433568,0.0,0.8429726414428039,0.0,0.0,185.0983177150041,1614.8987314580152,0.0,0.0
229,1.0745895620841617,1.7995905196101931,1.3126836313067562,1.106197963393125,2.9073931921373206,2.1083785226932403,4.588756069973435,1.2940661102192683,485.83285224805,0.0,1420.922707655377,123.23179508699084,0.0,26.11216672193711,156.27289174877248,0.0,1903.619144357708,353.2085584792688,0.0,103.71995525829908,188.54157387746253,0.0,459.58849768987307,1116.8160409366958,160.15694410168058,0.0,549.5941742759297,108.91104631882402,4773.288684114616,248.60461546543735,0.0,0.0,0.0,0.0,4913.203001787259,484.6415410495256,0.0,14.531391425309923,0.0,0.0,455.47904976419767,1852.0928521630444,0.0,0.0
230,0.9696717647292346,1.6992044159227593,1.0772091293945163,1.0365133773463389,2.790722557679402,1.873548248912788,4.328537793535717,1.1566013385348846,1118.2399773156824,0.0,3255.010118657851,238.16103913044765,0.0,0.0,211.9078262003867,0.0,4269.033472930081,678.7588710019137,0.0,0.0,202.6822361814864,0.0,750.8467761625958,2042.0011974858544,133.851044801527,0.0,617.0,200.0,5686.0,633.0,0.0,0.0,0.0,0.0,5900.0,1234.0,0.0,37.0,0.0,0.0,750.0,2112.0,0.0,0.0
231,0.8419060365990692,1.5610570356869091,0.8782914825902961,1.0074058029257065,2.658191060327441,1.60857566633302,3.865556953605053,1.0196141558184737,1465.2977976336715,0.0,3098.8809995800875,30.905289981220783,0.0,0.0,151.35444919739763,0.0,3851.8480587228814,194.5706910861445,0.0,0.0,137.510468049508,0.0,305.96603705505584,1715.6121433031394,27.58378343081584,0.0,633.6732906230915,226.62909159994783,5751.770415000061,652.5453328433355,0.0,0.0,0.0,0.0,5983.684548828835,1273.7484594954838,0.0,68.39977083468811,0.0,0.0,782.0816513420001,2142.45045232744,0.0,0.0
232,0.6820737728065968,1.4512631665215916,0.7081976363236807,0.9726787296029809,2.4497891601364468,1.3592372094034126,3.2490355873177528,0.872670585859279,1533.2019771140135,0.0,3085.7232589954538,29.0,0.0,0.0,129.80715478487724,0.0,3822.099305121947,159.38672010519127,0.0,0.0,134.02458267560368,0.0,241.3330095266331,1632.8152455657605,22.50169780513844,0.0,766.8969611162266,391.0395604238195,6023.928791843077,697.8985293416771,0.0,42.082965184083896,0.0,0.0,6348.835403281739,1356.787097064742,0.0,216.2936846242182,0.0,0.0,886.9557839430174,2364.9957949484788,0.0,0.0
233,0.5238157877844506,1.337349853636142,0.5404506082301644,0.8855639129732791,2.106255632323452,1.1423020951877705,2.5179235395643893,0.7268996236496998,1605.0749617611232,0.0,3085.2464648488185,32.35620680584708,0.0,0.0,110.96469308092576,0.0,3804.89036475048,131.82594165895912,0.0,0.0,127.9871997242396,0.0,190.51842370077804,1554.8832204506484,17.959384853528622,0.0,808.4909184534039,466.8239744021804,6104.1408227487145,696.4191225468394,0.0,48.31684834653379,0.0,0.0,6407.290438726581,1310.3418491779285,0.0,213.63299229878828,0.0,0.0,839.1265706374211,2358.760971724768,0.0,0.0
234,0.458628786984716,1.137270179338204,0.3838302011242511,0.7338424774484951,1.7035862948411922,0.9060209186604604,1.8367646938232576,0.5423248094112938,1790.3319796386295,0.0,3219.908630637569,80.10785935190965,0.0,0.0,102.79517711044542,0.0,3852.701686802626,140.14224583545936,0.0,0.0,96.29798866880616,0.0,146.05211610991287,1467.474559891295,13.492701692162374,0.0,913.1177972173222,686.3490813710321,6344.975710480477,753.0574657226504,0.0,20.318918419675843,0.0,0.0,6542.698463844253,1193.8615711129423,0.0,103.16370896133068,0.0,0.0,528.1170960897956,1965.484608998297,0.0,0.0
235,0.4449982379322246,0.8825634250827901,0.2356359895542846,0.5734671278471652,1.2956836537315592,0.6724494732390669,1.1753381693087055,0.4020257576284362,2061.498708553568,29.858620909603346,3086.5179242121,15.774851980930723,0.0,0.0,180.1489210329329,0.0,3633.3496684591455,24.767991895293097,0.0,0.0,124.06807441288048,0.0,20.19770767651877,1438.3580443727246,9.645201601847392,0.0,1037.790917398296,893.205983127191,6514.824864270996,826.3798384057062,0.0,20.261495457404195,0.0,0.0,6662.178760300473,1093.0830719009712,0.0,213.95630966758443,0.0,0.0,299.0808014028828,1609.9282697703634,0.0,0.0
236,0.4822226948720916,0.6540970235531558,0.1364539065189358,0.4222784207631141,0.9265568704176071,0.5144107138803962,0.6833505284701012,0.3229508691867088,1959.475633343641,237.27304435649108,2607.187761161024,0.0,0.0,0.0,230.5197811615776,0.0,3040.8684779046785,0.0,0.0,0.0,136.61258241511848,0.0,0.0,1207.2789246219618,4.841448885900464,0.0,1303.0396714658914,1225.9592941184712,7055.895939188222,1152.1792127387216,0.0,134.5051262041665,29.075375060671576,0.0,7187.7239386372285,1395.0931033461525,0.0,421.8604843013656,50.96006596655341,0.0,347.63431742693365,1637.7784635871285,0.0,0.0
237,0.6371303401177014,0.4386004940730892,0.1052827816611281,0.2651992223749319,0.6929566562942554,0.4711630014693846,0.4462107107888013,0.2587789171352626,519.8481793000906,78.45534813015581,1372.6618888756047,0.0,0.0,0.0,64.76369457835578,0.0,1604.7359640498953,0.0,0.0,0.0,37.38038747475568,0.0,0.0,310.56147500829,1.0214408205311143,0.0,1877.674104573994,1895.5388393814903,8190.019572066576,2055.0792355074423,0.0,539.7181024685439,223.4822228811556,0.0,8489.261267373646,2499.778805610675,0.0,606.6569709567154,276.3553796399703,0.0,819.8894444000181,2293.567949447688,0.0,0.0
238,0.9489432389526564,0.2324986276868766,0.1130971127790684,0.1334433070938444,0.6566933767923564,0.6193988131669408,0.4368122193139558,0.3765001176279061,0.0,0.0,769.4961208847611,0.0,0.0,0.0,0.0,0.0,907.9523843011668,0.0,0.0,0.0,0.0,0.0,0.0,0.0,0.0,0.0,2397.398608950787,2516.6347362273523,8789.08156189084,2489.6596220914803,0.0,873.1742126055868,389.175898635299,0.0,9079.296224903674,2860.195215316988,0.0,643.3095108505948,350.5726715733302,0.0,766.9956552949434,2340.3011519786546,0.0,0.0
239,1.3896894454808486,0.0657640834458707,0.1826043502295481,0.1064188081331316,0.8348507948345739,0.8218147593548517,0.6898287427345353,0.5853979753152376,0.0,0.0,532.8399933180798,0.0,0.0,0.0,0.0,0.0,691.4602702686803,0.0,0.0,0.0,0.0,0.0,0.0,0.0,0.0,0.0,2610.102240635506,2782.0889880492027,8919.766640763422,2520.7082611740634,0.0,984.028844570484,417.78132881343487,0.0,9142.87826566676,2805.762764910772,0.0,570.3719124885678,295.97912164098034,0.0,599.5341027149799,2122.752559986896,0.0,0.0
240,1.9323519673824496,0.0182653415047864,0.3271516118624183,0.207238527243297,1.1588275945960491,1.157230338191125,1.1391519591534125,0.8869410769552463,0.0,0.0,244.2417641869816,0.0,0.0,0.0,0.0,0.0,517.894968073138,0.0,0.0,0.0,0.0,0.0,0.0,0.0,0.0,0.0,3258.8434649708597,3295.214388488074,9117.480804890729,2505.5879331327824,0.0,1329.1165829485535,656.5312937218507,0.0,9087.539103543091,2537.4580034419064,0.0,563.5531150069277,279.04990478768474,0.0,529.8179596119489,1918.3731565297812,0.0,0.0
241,2.521868973986304,0.0622936840615619,0.4795803863521584,0.3885245394597505,1.4994267059711124,1.533996888969827,1.6413361477890034,1.2280355209996596,0.0,0.0,115.87314504067032,0.0,0.0,0.0,0.0,0.0,445.0606021634085,0.0,0.0,0.0,0.0,0.0,0.0,0.0,0.0,0.0,3657.5282531625626,3475.4813581194653,9069.656363725868,2342.6413534684957,0.0,1574.289196491443,827.4994108826054,0.0,8940.294876960057,2294.5840734515,0.0,600.4070013026599,302.4705686026481,0.0,551.1180070826765,1922.1301771057429,0.0,0.0
242,3.1206140123395456,0.1168163330232543,0.6281662575263388,0.6004750654541912,1.8128849028723248,1.895099735701403,2.0730674063903987,1.576389898952062,0.0,0.0,125.94360445131866,0.0,0.0,0.0,0.0,0.0,408.7334148163359,0.0,0.0,0.0,0.0,0.0,0.0,0.0,0.0,0.0,3912.442062792793,3809.468922125376,8888.738958697199,2307.178082755886,0.0,1715.1580804695493,1009.4401036367226,0.0,8842.997387791907,2338.155468261455,0.0,689.1042669372991,411.438144480652,0.0,611.436838376605,1956.07806065674,0.0,0.0
243,3.671540385085863,0.1739020740927661,0.7699054160539197,0.8191013057296104,2.0166165723541973,2.155467711394836,2.462370191864297,1.9141969751415755,0.0,0.0,122.44991842047096,0.0,0.0,0.0,0.0,0.0,348.4838561683404,0.0,0.0,0.0,0.0,0.0,0.0,0.0,0.0,0.0,4011.5627107751766,3803.5077371024727,8582.844373888212,2224.127682846889,0.0,1808.193930332787,1251.3935892568338,0.0,8746.359607688002,2478.108609605424,0.0,905.1976543429696,690.2800818407727,0.0,830.9424697787659,2247.847507515632,0.0,0.0
244,4.142447641839464,0.2396895377262441,0.90289137799973,1.0159683692985957,2.161867175296736,2.2508640058485034,2.8136791842290965,2.099978735408368,0.0,0.0,112.2916167879127,0.0,0.0,0.0,0.0,0.0,299.5331737213206,0.0,0.0,0.0,0.0,0.0,0.0,0.0,0.0,0.0,3655.305551914941,2897.605655279239,8074.027875702295,2049.799677143817,0.0,1734.9432636821489,1550.8107356731953,0.0,8692.233808537214,2814.901400237269,0.0,1368.58765736094,1302.7478126245103,0.0,1380.682812803581,3101.184410739788,0.0,0.0
245,4.539539443080742,0.3132169399682203,0.9837690533222552,1.1679192302019266,2.252327008781449,2.310105407241658,3.0589432224648205,2.21726015562935,0.0,0.0,75.26733134082025,0.0,0.0,0.0,0.0,0.0,217.1214177347792,0.0,0.0,0.0,0.0,0.0,0.0,0.0,0.0,0.0,3243.489236543932,1843.7618222830256,7473.116493659517,1843.3288058620712,0.0,1647.8822863519583,1901.574363287192,0.0,8621.466051522948,3199.18412075584,0.0,1907.535128861254,2021.1479234380265,0.0,2011.365343952092,4082.9273684558752,622.2386101893601,0.0
246,4.850905556164781,0.3870737447441845,1.0177212128451794,1.2976305285501577,2.329755464879732,2.356356692287045,3.126761442769433,2.3306862028890385,0.0,0.0,63.74347971525732,0.0,0.0,0.0,0.0,0.0,191.23043914577195,0.0,0.0,0.0,0.0,0.0,0.0,0.0,0.0,0.0,3243.734439373186,1837.6001769064376,7460.635150965448,1838.4946650412785,0.0,1645.6564908003363,1906.1831655939457,0.0,8613.395376633542,3194.3876710227782,0.0,1910.7403679865456,2031.285418308362,0.0,2006.813575255311,4078.411975164345,727.1938355113891,0.0
247,5.058569830022591,0.54526700445249,1.0372488917860443,1.3963437711667686,2.3213338582365437,2.3682491684631217,3.072815297204653,2.4751030830358816,0.0,0.0,15.625788689577002,0.0,0.0,0.0,0.0,0.0,116.40872536701424,0.0,0.0,0.0,0.0,0.0,0.0,0.0,0.0,0.0,3329.1399511234117,2362.656388552045,7702.095401178099,2046.370448368499,0.0,1535.8321840226583,1557.9228627697726,0.0,8472.966754819781,2983.479875717959,0.0,1508.8103084353536,1585.4975213844773,0.0,1509.5957668304068,3261.673058673242,432.6833238474781,0.0
248,5.105682055689663,0.7472489267242498,1.0384227805995667,1.436383745820589,2.2438139299792814,2.2952677742825864,2.9366247193097528,2.476955771097127,0.0,0.0,19.674609523813377,0.0,0.0,0.0,0.0,0.0,123.24679569098626,0.0,0.0,0.0,0.0,0.0,0.0,0.0,0.0,0.0,2006.5533731113328,1567.4371505818765,4818.830345252756,1353.9024415915617,0.0,877.6320488216477,814.5574426748682,0.0,5163.544185089555,1817.8294191165007,0.0,800.1772209586242,814.4320610058951,0.0,807.3350911952127,1777.0529589835578,167.51900598233684,0.0
249,4.995242707647978,0.9280288916525832,0.9780961778634456,1.4290738114570378,2.1732201168979586,2.200970177901145,2.69420038999498,2.4305999415474933,0.0,0.0,34.18753019711218,0.0,0.0,0.0,0.0,0.0,97.2332940954844,0.0,0.0,0.0,0.0,0.0,0.0,0.0,0.0,0.0,1934.1862622602853,1449.0227935282337,5791.053591643025,1755.1161032271473,0.0,794.0509876794421,743.0007704665597,0.0,6132.671254640023,2357.745835430675,0.0,875.8669988805553,836.6015634671319,0.0,1055.903734628987,2147.6175961214094,205.85907814125176,0.0
250,4.741072265155876,1.079696858991657,0.8601883321529569,1.3796895023448266,2.080728167307614,2.0813334649858297,2.313331517995524,2.345235503236826,0.0,0.0,74.87147949485455,0.0,0.0,0.0,0.0,0.0,168.8271335491581,0.0,0.0,0.0,0.0,0.0,0.0,0.0,0.0,0.0,2517.5504036696343,1635.374268955792,8877.169425021146,2608.884170961612,0.0,915.2964248347206,833.9374495507609,0.0,9308.677403483209,3557.0893361262883,0.0,1115.6774034832094,997.816195739794,0.0,1562.7514251454284,3129.440963093913,233.46202739701283,0.0
251,4.32925694116864,1.2030524695375375,0.7587233514753469,1.2537838705825826,1.9723051223904304,1.959623128771292,1.8609813315723625,2.2148874087859136,0.0,0.0,629.4021893338602,0.0,0.0,0.0,0.0,0.0,791.899173616629,0.0,0.0,0.0,0.0,0.0,0.0,0.8855422437786734,0.0,0.0,2193.1954865343187,1111.964319491259,8623.137839071916,2269.70062332215,0.0,655.3398937870492,534.8367539950051,0.0,8978.397541249451,3127.281957727921,0.0,785.397541249451,621.4634652917283,0.0,1312.6698025951616,2740.234583841182,63.12556850046648,0.0
252,3.945997133176592,1.3029877443910003,0.6955724656667499,1.1186651922504398,1.8852286427135168,1.8414565110620933,1.5511698940296488,2.0884801662749792,0.0,0.0,1237.2915511180784,0.0,0.0,0.0,0.0,0.0,1436.2736460467556,0.0,0.0,0.0,0.0,0.0,0.0,39.71443371342212,0.0,0.0,2073.0,918.0,8529.0,2144.0,0.0,559.0,424.0,0.0,8856.0,2968.0,0.0,663.0,482.0,0.0,1220.0,2596.0,0.0,0.0
253,3.517857483281519,1.3461144876272504,0.6251259495887999,0.93922696428647,1.8488648829845844,1.7220842518673205,1.2567418139846438,1.891477143923964,0.0,0.0,1267.809041982653,0.0,0.0,0.0,0.0,0.0,1421.2638212591878,0.0,0.0,0.0,0.0,0.0,0.0,119.65415118855904,0.0,0.0,1977.833747003216,876.4326623528168,8225.523878583343,1811.266496000049,0.0,428.944240677828,262.8314355357187,0.0,8412.484001565603,2407.7687297056164,0.0,434.1280653715472,298.78479228352927,0.0,922.066299546154,2191.314439451428,0.0,0.0
254,2.905849926883925,1.3248268041976707,0.5441592977136603,0.6932046671499098,1.8564700662302729,1.6462490974422697,0.914348749703698,1.7073139999952194,0.0,0.0,0.0,0.0,0.0,0.0,0.0,0.0,0.0,0.0,0.0,0.0,0.0,0.0,0.0,0.0,0.0,0.0,1707.518084700518,836.1261017507501,7368.502801702731,1001.047532544326,0.0,101.93179087735876,0.0,0.0,7206.508842810756,1085.8406283969928,0.0,0.0,0.0,0.0,252.7548661180745,1227.614507377113,0.0,0.0
255,2.405411317828193,1.2887820913383905,0.5239385237342172,0.5223439691390509,1.8565828884546756,1.6384344602989986,0.7620273958376859,1.6534650191077351,0.0,0.0,0.0,0.0,0.0,0.0,0.0,0.0,0.0,0.0,0.0,0.0,0.0,0.0,0.0,0.0,0.0,0.0,1688.1744923638994,846.1744923638993,6936.981195761856,684.0281499452506,0.0,37.71752429668411,0.0,0.0,6671.770708951483,681.9006117647468,0.0,0.0,0.0,0.0,57.85054234564944,1008.7895131896285,0.0,0.0
256,1.9682227222994555,1.2444282269954363,0.5581524230735945,0.3810885302848052,1.810588299420463,1.6353177009236983,0.7628867360781595,1.5944572117502114,0.0,0.0,0.0,0.0,0.0,0.0,0.0,0.0,0.0,0.0,0.0,0.0,0.0,0.0,0.0,0.0,0.0,0.0,1705.7441346801,864.9056627536241,6759.168775320785,556.1706178905979,0.0,24.711460551432303,0.0,0.0,6478.321213577236,590.2758875238607,0.0,0.0,0.0,0.0,26.272251597031257,1011.0835278914822,0.0,0.0
257,1.556767323828941,1.115929103398601,0.5651767581078657,0.2819300369616083,1.7164102426597847,1.553448519080795,0.8517096867364118,1.4890503596132054,0.0,0.0,0.0,0.0,0.0,0.0,0.0,0.0,0.0,0.0,0.0,0.0,0.0,0.0,0.0,0.0,0.0,0.0,1719.8678386041634,880.5562535883975,6755.44698847593,564.2822046037425,0.0,36.163112381754125,0.0,0.0,6469.541613840655,601.1549567626664,0.0,0.0,0.0,0.0,34.51744091486297,1029.597031683836,0.0,0.0
258,1.2080125262918286,0.942038638205982,0.5328923559069757,0.2218909030564701,1.5857763338296331,1.3886853026974098,0.9844959141663794,1.349914174280135,0.0,0.0,0.0,0.0,0.0,0.0,0.0,0.0,0.0,0.0,0.0,0.0,0.0,0.0,0.0,0.0,0.0,0.0,1928.1169676869852,1117.2150143207275,6811.702489083197,734.9986630067428,0.0,220.12590174207253,0.0,0.0,6516.260976618547,774.3425431532413,0.0,0.0,0.0,0.0,112.49514657514048,1284.429635633733,0.0,0.0
259,0.8781638657234859,0.7573849134150292,0.4988655422192687,0.1590471266181874,1.3812889848821874,1.2042687682984905,1.1627353428545886,1.1759075936496304,567.1868467012274,34.55863995727336,2096.3830812199067,275.0703092338424,0.0,26.08497693827661,66.83459759539208,0.0,2582.354516186788,644.217938146819,0.0,90.78545766805762,146.75846051499326,0.0,703.6760274200998,1681.7869482932076,151.9679815811762,0.0,2092.872967227274,1348.4515961791233,6964.5048124006125,812.309378360812,0.0,316.9514328553281,0.0,0.0,6610.4233904988405,830.9762027508989,0.0,0.0,0.0,0.0,150.20795581794522,1395.8160903049802,0.0,0.0
260,0.631387058484762,0.5873867387043208,0.4661475967635415,0.0996954340664368,1.169397475061679,1.0079727567620935,1.3399957668932552,1.0124318977631075,1011.0697492471122,90.4077624098697,3388.1905808440206,432.8458105632308,0.0,49.364759744293394,128.84602443838116,0.0,4144.389075854911,985.0041029431422,0.0,140.90650825227831,248.7456297129198,0.0,1069.0308593534994,2624.473584060011,240.9144904345912,0.0,2127.7233359805623,1415.5021194870142,6987.142609905879,822.7787835064518,0.0,333.7519590806514,0.0,0.0,6625.552102974594,847.3326851553347,0.0,0.0,0.0,0.0,163.22668053185717,1425.0103544666094,0.0,0.0
261,0.4774484182604661,0.4253456814362783,0.4088107586415938,0.0474130000823835,1.0118446094200666,0.7919914602952801,1.5402845678758814,0.8372654579362117,1993.158274434345,580.4140374677418,3231.5348907249518,480.0589201420709,0.0,168.91797066105283,357.8702676618797,0.0,3489.861742083737,645.0674030331088,0.0,161.7771264236713,391.72942952595935,0.0,393.8710620728598,1369.8810882225505,320.631927594393,0.0,2220.4550545015272,1620.416551226107,7046.847541343845,930.4165900280444,0.0,396.78772203321546,74.50820863872639,0.0,6673.123156637544,932.1525712573638,0.0,37.66582548554775,15.168208638726371,0.0,211.01421178933467,1571.9417501191458,0.0,0.0
262,0.3738682327638823,0.2762215030571896,0.3259026573253429,0.0313562348008932,0.8907971126582829,0.5958644363179866,1.7968256282648338,0.6948617452944935,2573.8565032577644,1127.4167470976938,3413.4368290936977,587.3896844896599,0.0,255.52310402800703,523.7651978787385,0.0,3594.4054182342074,629.4646425787732,0.0,176.86564391362913,495.3394391665574,0.0,264.30627811018013,1293.3550114097757,378.3345883836776,0.0,2231.295044861268,1676.951632693546,6978.896030742898,914.4833323705008,0.0,401.6253786971179,112.266835269914,0.0,6565.982341439448,868.6088112924398,0.0,51.08275055823695,9.889466765495428,0.0,184.70810337852745,1566.7928399551795,0.0,0.0
263,0.3136230037938647,0.3095780706986008,0.2738320919638401,0.0642462247444865,0.8845881217349926,0.5441695552823892,2.027932276861935,0.6529574160778785,3061.806397448995,1766.8075147693537,3758.13719756111,726.6171915985652,0.0,335.75754798615003,677.4435939516408,0.0,4025.755855079354,740.7716747811393,0.0,190.854733622171,591.2591999317308,0.0,340.3176996929455,1693.9295682882496,431.7846065766533,0.0,2184.6728035060746,1639.3800208929465,6602.423882228738,650.4115161419362,0.0,369.3021041733752,69.81797514450835,0.0,6117.03555326052,564.7025321104122,0.0,18.20016610016649,0.0,0.0,69.70276378787167,1428.6782405584154,0.0,0.0
264,0.3358385462553034,0.4673667890608221,0.2609446916948622,0.1167108526253427,0.9585791019292098,0.6204615676445149,2.181145416566575,0.6954169299966769,3581.892842833241,2443.5136466688546,4124.529912535672,874.2387706568777,0.0,422.6120580359533,840.3668409649989,0.0,4485.343892722527,859.8027916596668,0.0,207.14760510814008,694.2621894078886,0.0,422.0729345038695,2120.0341247398837,488.8623866744487,0.0,861.3710588605766,644.0777256244619,4773.005765944845,188.42491912575116,0.0,140.0508198056825,18.72545780131688,0.0,4174.270758188866,149.02343500214684,0.0,0.0,0.0,0.0,0.0,537.1865706752781,0.0,0.0
265,0.4180557526473666,0.6889641378595155,0.3285008393621251,0.2173593093545239,1.1541593495396292,0.7987810889017533,2.293643740889416,0.84289504013194,3889.282201787718,2785.9882384363705,4328.752874579055,951.8782936389068,0.0,489.81399733525006,926.0372904700738,0.0,4754.337515312884,934.5896846833452,0.0,232.7511753839191,763.7868509749112,0.0,479.4735895284176,2361.210964314545,523.3478319169445,0.0,0.0,0.0,3639.704734790653,0.0,0.0,0.0,0.0,0.0,3014.8877887507515,0.0,0.0,0.0,0.0,0.0,0.0,0.0,0.0,0.0
266,0.5794087120246179,0.9745320030736884,0.5156491788484272,0.3855079557934669,1.5308915596087358,1.0737313638407466,2.4272439230562584,1.096025772246391,4133.312368136335,2947.077082943344,4467.667934453424,995.967465867868,0.0,573.723451074349,974.0137580586758,0.0,4963.796201047706,1003.2961917363348,0.0,284.03239239226065,836.4485598685956,0.0,543.0610290679837,2533.111061850532,552.1703967538267,0.0,0.0,0.0,3401.5374666276293,0.0,0.0,0.0,0.0,0.0,2842.5109039886006,0.0,0.0,0.0,0.0,0.0,0.0,0.0,0.0,0.0
267,0.8388901785719602,1.3266961744114274,0.8536405840265767,0.6318616539803235,1.9727468367237213,1.3984563769498966,2.519710527987506,1.3775650500438523,4549.122639221259,3190.7965803652355,4725.804830849266,1112.5766053149555,0.0,713.7600892869592,1070.117271491781,0.0,5352.13625743477,1155.4262774395968,0.0,380.60439368212167,998.5614854415276,0.0,676.0447415623073,2862.061794470516,604.7771421951677,0.0,0.0,0.0,2796.973428591349,0.0,0.0,0.0,0.0,0.0,2378.7170302754016,0.0,0.0,0.0,0.0,0.0,0.0,0.0,0.0,0.0
268,1.0996801462524912,1.674012658618241,1.2707216076215635,0.8610227200138841,2.389415596053762,1.6997710037550553,2.5987426329957697,1.6775711679821788,4540.0,3147.0,4747.0,1162.0,0.0,707.0,1086.0,0.0,5383.0,1196.0,0.0,390.0,1043.0,0.0,704.0,2900.0,608.0,0.0,0.0,0.0,2673.9655456186924,0.0,0.0,0.0,0.0,0.0,2267.5701760761312,0.0,0.0,0.0,0.0,0.0,0.0,0.0,0.0,0.0
269,1.3593952206823388,2.002813355845128,1.7422886215476618,1.1010569513621178,2.7970564530820354,1.9881490302519775,2.677297978874518,2.09455830194122,4267.597107975862,2954.085164992742,4597.1784093867245,1038.9721364710658,0.0,735.3566944975947,1162.8086843084454,0.0,5309.317250518061,1191.087816701204,0.0,541.8311201446012,1176.968635421707,0.0,972.16055190245,3309.4974622723507,752.4628451964073,0.0,0.0,0.0,2593.804361759951,0.0,0.0,0.0,0.0,0.0,2181.9215539294546,0.0,0.0,0.0,0.0,0.0,0.0,0.0,0.0,0.0
270,1.5715375109976968,2.2677551986268782,2.2262562099430125,1.3464190883444864,3.215546930035524,2.3487668529046744,2.761264953446203,2.561328324443902,2356.8911447620453,1978.4560950067728,3595.3464353665386,394.9476696034053,0.0,776.320549879032,1441.6405083804186,0.0,4862.594665092289,1272.0778659939303,0.0,1526.4763425771912,1928.0183096635665,0.0,2729.573283439392,5988.892966233407,1722.4698880259994,0.0,0.0,0.0,2507.610265072258,0.0,0.0,0.0,0.0,0.0,2100.518757631167,0.0,0.0,0.0,0.0,0.0,0.0,0.0,0.0,0.0
271,1.6985347107394366,2.455994387994294,2.61168369840098,1.529594831010639,3.5103493993070742,2.663579182631497,2.8300196374940665,2.931935575028,2497.7317185115376,3426.3527167950383,3125.681179115008,72.0853174702154,0.0,1016.5726474652698,1470.452060024936,0.0,4607.896841588358,1002.3863167380534,0.0,1638.577501036961,2046.5326457088568,0.0,2554.2925994215752,6292.505364027126,2052.7442150899515,0.0,0.0,0.0,2406.0736959237747,0.0,0.0,0.0,0.0,0.0,2005.3713732405213,0.0,0.0,0.0,0.0,0.0,0.0,0.0,0.0,0.0
272,1.7593749812881847,2.5705859125578487,2.8875845788339585,1.6381608564916863,3.651120151102286,3.035731879082769,2.8623828439606998,3.2130878367198683,3332.403741060457,3652.061202304106,3069.273736834057,56.18029734395581,0.0,975.2010312549584,1604.0884373926306,0.0,4355.288269622084,493.4381594267901,0.0,1486.0158682126496,2070.784479422169,0.0,1751.3581061716427,5148.856767765496,1828.9575262576168,0.0,0.0,0.0,2193.517194213007,0.0,0.0,0.0,0.0,0.0,1793.5795558487305,0.0,0.0,0.0,0.0,0.0,0.0,0.0,0.0,0.0
273,1.769616591565255,2.592562735076409,3.099587705295201,1.6640546592344447,3.6767188315443744,3.4103280176184114,2.894285020999761,3.50601838498576,3421.05083527123,3415.2812398755755,3383.6321267337407,45.75791463559148,0.0,838.0500181184968,1479.0934758584408,0.0,4597.378227614315,734.4435455638726,0.0,1247.0205128458315,1877.4337359843064,0.0,1607.0647780335491,4667.867471968612,1599.5930697083145,0.0,0.0,0.0,2123.191728020057,0.0,0.0,0.0,0.0,0.0,1722.37950575139,0.0,0.0,0.0,0.0,0.0,0.0,0.0,0.0,0.0
274,1.7351610253554794,2.544380139056477,3.2109927750033163,1.6640640303920131,3.6365452641262426,3.667721225900332,2.9097009854152804,3.682477801740862,3432.373529804192,3288.002580494142,3543.04018445477,41.21442071136808,0.0,771.1156971477394,1411.3037305274984,0.0,4728.424923397432,875.0835018316733,0.0,1133.5401551948128,1779.7902824171067,0.0,1566.653133741412,4472.580564834213,1493.7580360716752,0.0,0.0,0.0,2101.548225559158,0.0,0.0,0.0,0.0,0.0,1702.485297222645,0.0,0.0,0.0,0.0,0.0,0.0,0.0,0.0,0.0
275,1.6722443794414086,2.397264168957485,3.253126284573678,1.5936520854232663,3.5656116018582087,3.841160830964132,3.0744188004511503,3.674658891634664,3428.773641268005,2785.860308534481,4144.156461266759,112.09688791245416,0.0,520.4785891067013,1155.7335643615,0.0,5228.113130414638,1437.0460037191265,0.0,720.3657287756798,1416.8711951250575,0.0,1439.252281028534,3771.909997703887,1106.5477175433234,0.0,0.0,0.0,1988.680589279814,0.0,0.0,0.0,0.0,0.0,1606.7021560776825,0.0,0.0,0.0,0.0,0.0,0.0,0.0,0.0,0.0
276,1.4988136588419547,2.106358218355955,3.190878943394399,1.4252567333820505,3.343947882213572,3.959764542616042,3.5305570274760303,3.570384296791644,2894.063532934305,1914.008680637225,4883.532059084168,1205.1573701533432,0.0,232.00304635005224,841.8604742374926,0.0,5905.050557662912,2489.208182764497,0.0,381.7207037386045,1030.7980620957292,0.0,1568.7660390702267,3319.392484027341,766.1202799129785,0.0,0.0,0.0,1835.197732814058,0.0,0.0,0.0,0.0,0.0,1455.1891359402846,0.0,0.0,0.0,0.0,0.0,0.0,0.0,0.0,0.0
277,1.3262672328318947,1.7824077078199343,3.051530993960132,1.2277685580179318,3.136683294273088,4.006728039615946,4.071062481067772,3.420397084875746,2256.707150896441,1274.2703031755148,5259.462823506152,2352.1306859994447,0.0,91.44412224236515,666.3043460109277,0.0,6297.56753372037,3260.894037383588,0.0,310.34379346944274,853.3855150792874,0.0,1811.0116559627356,3331.570426800514,661.1435943643739,0.0,0.0,0.0,1740.3614858096971,0.0,0.0,0.0,0.0,0.0,1355.4999154567772,0.0,0.0,0.0,0.0,0.0,0.0,3.7233749959010978,0.0,0.0
278,1.2427935631838058,1.5139224243736384,2.8437044516764245,1.0765633462381132,2.998073086837363,3.91391037165912,4.450591185226916,3.2229535981228468,2091.644934932874,1119.648557949841,5287.890133171196,2418.662223332578,0.0,67.35373256523597,614.5280393359702,0.0,6353.65860031561,3370.218583624063,0.0,304.242159395176,799.4347195101799,0.0,1843.0142495565576,3328.3590619234587,622.6875054449465,0.0,0.0,0.0,2013.920040671897,0.0,0.0,0.0,0.0,0.0,1673.0665739146705,0.0,0.0,0.0,0.0,0.0,0.0,276.9634672981911,0.0,0.0
279,1.1675276966066044,1.2838174466757857,2.5783618810506086,0.9315134717740784,2.868094172904436,3.825166557408637,4.732932549539961,2.9358079859824118,1954.307787771613,991.0115591897624,5311.487623964213,2473.999168829459,0.0,47.29966850595264,571.4559009328758,0.0,6400.29539741131,3461.148653586152,0.0,299.12489125279586,754.5802517607831,0.0,1869.6364361180424,3325.665841141471,590.6378077134723,0.0,0.0,0.0,2725.423512904781,0.0,0.0,0.0,0.0,0.0,2675.115499665645,0.0,0.0,0.0,0.0,0.0,0.0,1067.0577481332082,0.0,0.0
280,1.1350391719418025,1.0842875000627796,2.2328572576998464,0.7782678216622676,2.694573801192805,3.672010746787719,4.969189181382748,2.6362330782066685,1397.6064575740195,289.40213635717055,4897.058267835025,1899.6252376022749,0.0,2.413793103448276,75.66048413032061,0.0,5723.151442745019,2561.7319897922034,0.0,20.41379310344828,50.13793103448276,0.0,749.3536520022673,1798.4692006346245,39.37931034482759,0.0,71.0680329670227,0.0,4200.979837962091,383.1178754000149,0.0,2.937418571436224,0.0,0.0,4468.00742442775,1215.6374623664765,0.0,94.73578028994244,0.0,0.0,888.4834817397413,1914.7164074401144,0.0,0.0
281,1.158216750247745,0.958825411432372,1.954432717654483,0.6865053317712309,2.5220310232425227,3.57200635362601,4.903845106046515,2.4326288856478406,1269.993720249336,7.030813332588128,4086.789879685223,937.969856935366,0.0,0.0,0.1636685754395422,0.0,4586.619723488613,1137.8910770284183,0.0,0.0,0.0,0.0,93.8313406229773,969.9461296321184,0.0,0.0,245.330171200516,0.0,5668.37313499438,579.4756543786845,0.0,12.960598305912702,0.0,0.0,6135.605408139587,1760.6603424010318,0.0,273.330171200516,0.0,0.0,1256.1483172278054,2526.6534775721243,0.0,0.0
282,1.227312409813953,0.8767255672849946,1.7720340730954751,0.6501012330082255,2.423656669572147,3.382019067572441,4.687302510106609,2.254445729719195,1081.0532869529138,0.0,3894.469299226537,534.5570737640044,0.0,0.0,0.0,0.0,4187.75567855238,623.2718682123598,0.0,0.0,0.0,0.0,7.012541898818733,534.962156059197,0.0,0.0,191.72224498587272,0.0,6163.264253735293,854.1870045766037,0.0,20.582735159511657,0.0,0.0,6904.304570399675,2402.9789732803038,0.0,420.06817411493694,0.0,0.0,1635.6687120069514,2915.3928539507165,0.0,0.0
283,1.2836876336359524,0.7730851983388708,1.5606207846147884,0.6150820667955857,2.2571368155055023,3.070423717271553,4.381357180320341,2.023335566681586,813.3939686743313,0.0,3866.0561725872526,375.4760922858896,0.0,0.0,0.0,0.0,4035.1893202856654,401.1320041448735,0.0,0.0,0.0,0.0,0.0,405.382802123482,0.0,0.0,151.86246934779024,0.0,6587.499822009108,1107.4057979323577,0.0,25.76888831773747,0.0,0.0,7552.647230023066,2930.8464246916137,0.0,538.8964842269437,0.0,0.0,1947.7646201314687,3184.263185455872,0.0,0.0
284,1.2577977496345558,0.6534156796013296,1.3507774816190443,0.5756963650896934,2.05082528990476,2.679651496575865,4.026026636954597,1.837456770970101,944.10673252276,0.0,3967.933697699852,412.5120842359407,0.0,0.0,0.0,0.0,4072.4081779438193,401.97080221050135,0.0,0.0,0.0,0.0,0.0,462.4562488946187,0.0,0.0,216.4775606361607,0.0,6785.162260374841,1129.8464554165191,0.0,49.097759539357504,0.0,0.0,7701.380135337364,2885.3620423265343,0.0,553.0409779471787,0.0,0.0,1929.582880417301,3159.186151216251,0.0,0.0
285,1.2085298619443552,0.5822135263255815,1.1839652542873715,0.5710244622458395,1.8504769647956807,2.299069317528241,3.4897927265705992,1.7048690306237535,1151.3540181156316,0.0,4047.608751005278,479.7902783815828,0.0,0.0,0.0,0.0,4084.0924600093153,422.573778854905,0.0,0.0,0.0,0.0,0.0,564.3592873266354,0.0,0.0,262.59425082981653,0.0,6785.917154296008,1073.0525115247226,0.0,78.25582243458544,0.0,0.0,7662.043062672604,2678.030619990101,0.0,535.9585126260422,0.0,0.0,1807.7970251610432,3118.5799572171104,0.0,0.0
286,1.153930127168486,0.516288812648722,1.0112708881488863,0.5628698377291935,1.6588638256801136,1.9366512158272409,2.859327539858432,1.5155248707190985,991.9312236508172,0.0,3273.3718279685004,413.3655255773812,0.0,0.0,0.0,0.0,3289.7829219565306,352.28180364281724,0.0,0.0,0.0,0.0,0.0,503.4440150147363,0.0,0.0,284.0756387672007,0.0,6691.949788543746,1001.7509955927294,0.0,77.40696035222837,0.0,0.0,7548.467189424317,2526.161295150236,0.0,512.5615770919079,0.0,0.0,1716.5870044028543,3081.0789779724787,0.0,0.0
287,1.0166438838342633,0.4249061506700934,0.7796484778243549,0.4912157995223376,1.3598254742591325,1.5491764562647763,2.2115610863702093,1.3127885170688882,635.8151183672321,0.0,2144.2032250600278,264.96398959743016,0.0,0.0,0.0,0.0,2155.159193130978,225.8182575925348,0.0,0.0,0.0,0.0,0.0,322.72449525374265,0.0,0.0,315.7021324773836,17.438798991281143,6639.317704332001,957.7982507450262,0.0,73.29502727482055,0.0,0.0,7466.502457025386,2400.565078158003,0.0,502.7569180838768,0.0,0.0,1619.6057886782592,3006.4926738490285,0.0,0.0
288,0.8596989634251058,0.3153031428854543,0.5510771993707888,0.3964156742391939,1.034050239508303,1.2757616639480005,1.6161592461831586,1.1283338763362696,146.33720912196398,0.0,1262.5289408067606,60.98618001616261,0.0,0.0,0.0,0.0,1272.2886466056334,51.9882190301714,0.0,0.0,0.0,0.0,0.0,74.27946394196854,0.0,0.0,674.4586754009692,361.1095570895347,6483.145156547847,778.3684587720451,0.0,67.83628004250342,0.0,0.0,6933.529277572501,1447.822491317077,0.0,515.4512388520745,0.0,0.0,747.7044552062875,2050.575577940512,0.0,0.0
289,0.7496134338176161,0.2222532949512511,0.3595186639612139,0.305370678259128,0.7539447044927787,1.0393061827391683,1.0704475278709082,0.9557454669588432,0.0,0.0,1202.1356293105746,0.0,0.0,0.0,0.0,0.0,1216.4387628361396,0.0,0.0,0.0,0.0,0.0,0.0,0.0,0.0,0.0,1034.7194053366957,744.2811179282745,6390.227472887903,614.6058728306355,0.0,89.64186272927041,0.0,0.0,6523.138980702869,775.3827899358351,0.0,535.0419933486368,0.0,0.0,144.90919081082092,1315.8692792994395,0.0,0.0
290,0.708351843673471,0.1569147742866636,0.2373799066074953,0.2191430586976663,0.5835825259506388,0.8551463169140945,0.6121712114665423,0.8218070918927369,0.0,0.0,1141.3005161001388,0.0,0.0,0.0,0.0,0.0,1160.1960746949012,0.0,0.0,0.0,0.0,0.0,0.0,0.0,0.0,0.0,1043.8389013713454,733.1333398459194,6595.439077211168,748.9556836364139,0.0,117.10002930663708,0.0,0.0,6769.261323312872,986.1279834669529,0.0,554.752790531592,0.0,0.0,153.60007815103222,1440.9834424191492,0.0,0.0
291,0.709141329177711,0.098289799654485,0.1882366945025975,0.1396667644159637,0.6339500638713697,0.7720564558976989,0.4109184373855706,0.7160655214816002,0.0,0.0,1081.2932139181053,0.0,0.0,0.0,0.0,0.0,1104.806599361055,0.0,0.0,0.0,0.0,0.0,0.0,0.0,0.0,0.0,1440.1358804637184,1142.7053619546407,7852.467109673274,1911.282411195806,0.0,496.1285076686405,217.4987016250828,0.0,8509.965195222627,2694.302420312075,0.0,606.5252225902807,339.79160628242005,0.0,1121.0101090504106,2776.02905474468,13.601759271211112,0.0
292,0.7759770542537321,0.03362092782499,0.1822671839722916,0.112331359158503,0.8302523971775417,0.7613603606389987,0.3988525739800667,0.7021364854221507,0.0,0.0,1015.6537385952198,0.0,0.0,0.0,0.0,0.0,1044.1885433449977,0.0,0.0,0.0,0.0,0.0,0.0,0.0,0.0,0.0,1563.8228474439445,1267.6281323258015,8352.134981761194,2419.240535966354,0.0,629.5586217542273,432.0584761989049,0.0,9155.116523633516,3466.660809500454,0.0,973.9295994057368,668.2798804718516,0.0,1725.8105579269636,3440.788724030914,191.59406423742007,0.0
293,1.0130728550755828,0.0016917652375413,0.263437428408634,0.1897082380614537,1.1950295629933538,0.8214672885548157,0.4862761119393694,0.7245879625166096,0.0,0.0,848.602834113266,0.0,0.0,0.0,0.0,0.0,896.9937215328849,0.0,0.0,0.0,0.0,0.0,0.0,0.0,0.0,0.0,1184.2057202533144,852.1648388143867,8178.789036468827,2447.1737273803474,0.0,558.1112062699755,635.531630659234,0.0,9263.843210414285,4129.690502827134,0.0,1702.8966099834845,1206.8009211834749,0.0,3093.699449060794,4933.200793440909,710.4383255734441,0.0
294,1.3314605213876425,-1.8118839761882524e-16,0.361716281165179,0.2974970168946097,1.6125887052167422,0.9137837144260442,0.6007490214889039,0.7578074692512944,0.0,0.0,775.9799667058036,0.0,0.0,0.0,0.0,0.0,802.14232572277,0.0,0.0,0.0,0.0,0.0,0.0,0.0,0.0,0.0,913.32578192556,597.9454934046315,8014.424339320918,2325.980669379835,0.0,390.9472360371946,536.1232775751832,0.0,9225.47536065116,4290.654887454275,0.0,1818.906670502331,1231.3327524558124,0.0,3540.693548694605,5428.980507717864,875.7182688744299,0.0
295,1.6832397748845025,-1.8118839761882526e-16,0.471609286145003,0.4168107905475782,2.0572066043814714,1.0376292076193054,0.7263160429845609,0.8341795451889783,0.0,0.0,736.4054798402177,0.0,0.0,0.0,0.0,0.0,731.733863035785,0.0,0.0,0.0,0.0,0.0,0.0,0.0,0.0,0.0,545.708662038718,423.8321730835258,7680.627162259122,2159.83987140051,0.0,363.6701032398042,392.1382055484953,0.0,8951.372185593922,4266.382808692229,0.0,1929.8282117817769,1174.1254879428743,0.0,3897.2054527300993,5949.477450369403,983.7040953179488,0.0
296,1.9858572267652492,-1.8118839761882526e-16,0.5708956679949071,0.5497723242657725,2.4190681601724706,1.1466937719943433,0.829999381917014,0.8928004330865928,0.0,0.0,704.5804302451417,0.0,0.0,0.0,0.0,0.0,686.364304278444,0.0,0.0,0.0,0.0,0.0,0.0,0.0,0.0,0.0,188.36925244679256,258.383945940982,7228.587754916543,1960.6851701463484,0.0,229.8334686828645,341.0193206265236,0.0,8642.419047907599,4248.447347050073,0.0,2184.1314293505184,1202.0057149782383,0.0,4298.378230962744,6628.489251840833,1145.691972970491,0.0
